input the mesh
Loading the cow.obj
251
252
211
251
211
253
253
211
202
253
202
254
254
202
255
255
256
257
255
257
254
254
257
258
254
258
253
253
258
259
253
259
251
259
258
260
259
260
261
261
260
262
261
262
263
263
262
264
264
262
265
264
265
266
266
265
267
267
265
268
268
265
269
268
269
270
269
265
262
269
262
260
260
258
257
260
257
269
269
257
256
269
256
270
256
255
271
270
272
273
273
268
270
273
274
275
273
275
268
274
273
272
268
275
276
268
276
277
268
277
267
267
277
278
267
278
266
266
278
279
266
279
280
266
280
264
264
280
281
264
281
263
272
282
283
272
283
274
274
283
284
274
284
275
275
284
285
275
285
276
285
286
277
277
286
287
277
287
278
278
287
288
278
288
279
279
288
289
279
289
280
280
289
290
280
290
281
282
16
17
282
17
283
283
17
18
283
18
284
284
18
19
284
19
285
285
19
20
285
20
286
286
20
21
286
21
287
287
21
22
287
22
288
288
22
23
288
23
289
289
23
24
289
24
290
291
191
292
292
178
291
291
178
293
293
294
291
291
294
192
255
202
193
193
202
201
201
192
193
255
294
293
255
293
271
271
293
272
272
293
295
295
296
282
295
282
272
282
296
25
282
25
16
25
296
180
25
180
12
272
270
256
271
272
256
193
192
294
255
193
294
178
179
295
178
295
293
295
179
180
295
180
296
445
548
460
548
445
549
549
445
429
550
460
551
551
460
548
551
548
552
552
548
549
552
549
553
553
549
429
553
429
554
554
429
555
555
429
556
557
550
551
557
551
558
558
551
552
558
552
559
559
552
553
559
553
560
560
553
561
560
561
562
561
553
554
561
554
555
561
555
563
563
555
556
563
556
564
564
556
565
565
566
564
564
566
563
563
566
562
563
562
561
565
556
411
565
411
412
412
411
567
412
567
568
568
567
393
393
569
570
393
570
568
568
570
412
570
569
571
570
571
572
569
393
394
394
393
573
573
393
374
573
374
574
574
374
375
375
374
575
575
374
355
575
355
356
575
356
357
575
357
376
376
375
575
375
376
574
574
376
395
574
395
573
571
569
394
572
571
395
572
395
576
576
577
572
572
412
570
412
572
578
578
579
412
412
579
565
565
579
580
580
579
581
581
579
578
581
578
582
580
581
583
583
581
582
583
582
413
413
582
577
413
577
584
584
395
376
584
376
377
377
376
357
377
357
358
358
357
338
358
338
339
339
30
32
339
32
358
358
32
34
358
34
377
377
34
36
377
36
584
584
36
38
584
38
413
413
38
46
413
46
583
583
46
47
583
47
585
585
586
580
585
580
583
580
586
562
562
566
580
580
566
565
587
557
558
587
558
588
588
558
559
588
559
589
589
559
560
589
560
590
590
560
562
590
562
586
586
585
591
586
591
592
592
593
590
592
590
586
590
593
594
590
594
589
589
594
595
589
595
596
596
597
598
596
598
589
589
598
599
589
599
588
588
599
600
588
600
587
587
600
601
587
601
602
604
603
605
604
605
48
48
605
606
48
606
49
49
606
607
49
607
50
50
607
597
50
597
596
596
595
608
596
608
50
50
608
609
50
609
51
51
609
610
51
610
47
47
610
591
47
591
585
571
394
395
573
395
394
612
611
613
612
613
614
614
613
615
614
615
616
616
615
617
616
617
618
618
617
619
618
619
620
620
619
621
620
621
622
622
621
623
622
623
624
624
623
625
624
625
626
626
625
627
626
627
628
628
627
629
628
629
630
630
629
631
631
629
52
631
52
53
52
629
627
52
627
54
55
625
623
55
623
56
56
623
621
56
621
57
57
621
619
57
619
58
58
619
617
58
617
59
59
617
615
59
615
60
60
615
613
60
613
61
61
613
611
61
611
62
62
611
604
62
604
48
54
627
625
54
625
55
630
632
628
628
632
633
628
633
626
626
633
634
626
634
624
624
634
635
624
635
622
622
635
636
622
636
620
620
636
637
620
637
618
618
637
616
638
547
639
632
638
633
633
638
639
633
639
634
634
639
640
634
640
635
635
640
641
635
641
636
636
641
637
641
640
642
631
53
63
631
63
643
643
63
64
643
64
644
642
640
639
642
639
547
735
706
700
735
700
736
733
689
737
733
737
738
738
737
677
738
677
739
735
736
740
740
741
742
742
741
743
745
746
747
745
747
748
748
747
749
748
749
750
750
749
751
750
751
752
752
753
754
752
754
750
750
754
755
750
755
748
748
755
756
748
756
745
757
749
747
757
747
758
758
747
746
758
746
759
759
760
761
759
761
762
763
756
755
763
755
764
765
764
755
765
755
754
754
753
765
766
759
746
738
739
761
738
761
760
733
744
722
733
722
689
736
700
722
736
722
744
767
740
742
767
742
768
768
742
743
768
743
769
769
743
763
769
763
770
771
765
753
771
753
772
770
763
764
770
764
773
773
764
765
773
765
771
774
768
769
774
769
775
770
776
775
770
775
769
770
773
777
770
777
776
777
773
771
777
771
778
778
771
772
778
772
779
779
772
780
779
780
781
767
768
774
767
774
782
782
783
784
782
784
767
738
760
766
738
766
733
732
766
746
732
746
745
766
732
744
766
744
733
744
732
785
744
785
736
785
732
745
785
745
756
743
785
756
743
756
763
741
785
743
740
736
785
740
785
741
740
767
735
762
761
786
762
786
787
761
739
788
761
788
786
759
762
789
759
789
758
749
757
790
749
790
751
790
757
791
790
791
792
791
757
758
791
758
789
792
791
793
792
793
794
793
791
789
793
789
795
795
789
762
795
762
787
774
775
796
774
796
782
775
797
798
775
798
796
797
786
788
797
788
798
796
798
799
796
799
683
799
798
788
799
788
800
775
776
801
775
801
797
797
801
787
797
787
786
776
777
802
776
802
801
801
802
795
801
795
787
782
796
683
782
683
783
802
777
778
779
802
778
795
802
793
779
781
802
794
793
802
794
802
781
792
794
781
792
781
780
772
753
752
772
752
780
557
587
803
557
803
804
804
803
805
804
805
476
476
805
806
476
806
492
492
806
807
492
807
808
808
807
809
808
809
506
812
813
814
812
814
616
616
637
535
616
535
812
816
815
817
816
817
818
818
817
819
818
819
820
820
819
807
820
807
806
817
821
819
819
821
809
819
809
807
815
822
823
815
823
817
817
823
824
817
824
821
821
824
810
821
810
809
822
825
826
822
826
823
823
826
827
823
827
824
824
827
813
824
813
810
828
816
818
828
818
829
829
818
820
829
820
830
830
820
806
830
806
805
831
805
803
805
831
833
805
833
830
830
833
834
830
834
829
829
834
835
829
835
828
831
832
836
831
836
833
833
836
834
834
836
837
834
837
838
832
839
837
832
837
836
839
841
842
839
842
837
837
842
843
837
843
838
838
843
844
838
844
845
614
616
814
614
814
846
846
841
612
846
612
614
841
846
847
841
847
842
842
847
848
842
848
843
843
848
849
843
849
844
846
814
850
846
850
847
847
850
851
847
851
848
848
851
852
848
852
849
850
827
826
850
826
851
851
826
825
851
825
852
814
813
827
814
827
850
810
813
812
810
812
811
678
684
685
678
685
679
679
685
686
679
686
680
680
686
687
680
687
681
681
687
688
681
688
682
707
701
700
707
700
706
708
702
701
708
701
707
709
703
702
709
702
708
710
704
703
710
703
709
711
705
704
711
704
710
713
708
707
713
707
712
714
709
708
714
708
713
715
710
709
715
709
714
716
711
710
716
710
715
718
713
712
718
712
717
719
714
713
719
713
718
720
715
714
720
714
719
721
716
715
721
715
720
724
718
717
724
717
723
725
719
718
725
718
724
726
720
719
726
719
725
727
721
720
727
720
726
684
678
677
684
677
737
690
684
737
690
737
689
693
694
688
693
688
687
692
693
687
692
687
686
691
685
684
691
684
690
691
692
686
691
686
685
700
701
695
700
695
722
695
690
689
695
689
722
704
705
699
704
699
698
703
704
698
703
698
697
702
703
697
702
697
696
701
702
696
701
696
695
698
699
694
698
694
693
697
698
693
697
693
692
696
697
692
696
692
691
695
696
691
695
691
690
766
760
759
780
752
751
780
751
790
780
790
792
683
723
717
683
717
783
730
731
727
730
727
726
729
730
726
729
726
725
728
729
725
728
725
724
717
712
784
717
784
783
739
677
800
739
800
788
857
799
800
857
800
856
728
857
856
728
856
853
857
723
683
857
683
799
857
728
724
857
724
723
678
856
800
678
800
677
854
734
731
854
731
730
855
854
730
855
730
729
681
682
734
681
734
854
680
681
854
680
854
855
679
680
855
679
855
853
678
679
853
678
853
856
669
661
261
669
261
263
670
662
661
670
661
669
671
663
662
671
662
670
672
664
663
672
663
671
673
665
664
673
664
672
674
666
665
674
665
673
675
667
666
675
666
674
676
668
667
676
667
675
661
653
259
661
259
261
662
654
653
662
653
661
663
655
654
663
654
662
664
656
655
664
655
663
665
657
656
665
656
664
666
658
657
666
657
665
667
659
658
667
658
666
668
660
659
668
659
667
682
281
290
682
290
734
699
705
673
699
673
672
694
699
672
694
672
671
688
694
671
688
671
670
682
688
670
682
670
669
682
669
263
682
263
281
259
653
645
259
645
251
656
657
649
656
649
648
655
656
648
655
648
647
654
655
647
654
647
646
653
654
646
653
646
645
676
675
716
676
716
721
652
651
659
652
659
660
674
673
705
674
705
711
675
674
711
675
711
716
650
649
657
650
657
658
651
650
658
651
658
659
130
143
7
130
7
5
131
144
143
131
143
130
132
145
144
132
144
131
133
146
145
133
145
132
134
147
146
134
146
133
135
148
147
135
147
134
136
149
148
136
148
135
137
150
149
137
149
136
138
151
150
138
150
137
139
152
151
139
151
138
140
153
152
140
152
139
141
154
153
141
153
140
142
155
154
142
154
141
6
8
155
6
155
142
1
107
118
1
118
3
117
2
4
117
4
129
117
129
128
116
117
128
116
128
127
115
116
127
115
127
126
114
115
126
114
126
125
113
114
125
113
125
124
112
113
124
112
124
123
111
112
123
111
123
122
110
111
122
110
122
121
109
110
121
109
121
120
108
109
120
108
120
119
107
108
119
107
119
118
12
180
167
12
167
10
168
11
9
168
9
156
169
168
156
169
156
157
170
169
157
170
157
158
171
170
158
171
158
159
172
171
159
172
159
160
173
172
160
173
160
161
174
173
161
174
161
162
175
174
162
176
175
162
176
162
163
177
176
163
177
163
164
178
177
164
178
164
165
179
178
165
179
165
166
180
179
166
180
166
167
3
118
130
3
130
5
10
167
155
10
155
8
9
7
143
156
9
143
156
143
144
157
156
144
157
144
145
158
157
145
158
145
146
159
158
146
159
146
147
160
159
147
160
147
148
161
160
148
161
148
149
162
161
149
162
149
150
163
162
150
163
150
151
164
163
151
164
151
152
165
164
152
165
152
153
166
165
153
166
153
154
167
166
154
167
154
155
129
4
6
129
6
142
128
129
142
128
142
141
127
128
141
127
141
140
127
140
139
126
127
139
126
139
138
125
126
138
125
138
137
124
125
137
124
137
136
123
124
136
123
136
135
122
123
135
122
135
134
121
122
134
121
134
133
120
121
133
120
133
132
119
120
132
119
132
131
118
119
131
118
131
130
178
292
177
187
186
173
187
173
174
188
187
174
188
174
175
189
188
175
189
175
176
292
191
190
190
176
177
190
177
292
190
189
176
194
203
184
201
202
211
201
211
210
200
201
210
200
210
209
199
200
209
199
209
208
198
199
208
198
208
207
197
198
207
197
207
206
196
197
206
196
206
205
195
196
205
195
205
204
194
195
204
194
204
203
201
200
191
201
191
192
194
184
185
195
194
185
195
185
186
196
195
186
196
186
187
197
196
187
197
187
188
198
197
188
198
188
189
199
198
189
199
189
190
200
199
190
200
190
191
186
185
172
186
172
173
181
13
11
181
11
168
182
181
168
182
168
169
183
182
169
183
169
170
184
183
170
184
170
171
185
184
171
185
171
172
252
224
223
252
223
211
212
858
181
212
181
182
213
212
182
213
182
183
214
213
183
214
183
184
215
214
184
215
184
203
216
215
203
216
203
204
217
216
204
217
204
205
218
217
205
218
205
206
219
218
206
219
206
207
220
219
207
220
207
208
221
220
208
221
208
209
222
221
209
222
209
210
223
222
210
223
210
211
252
251
645
252
645
224
223
224
236
222
223
236
222
236
235
14
858
225
14
225
69
221
222
235
221
235
234
220
221
234
219
220
234
219
234
233
218
219
233
218
233
232
217
218
232
217
232
231
216
217
231
216
231
230
215
216
230
215
230
229
214
215
229
214
229
228
213
214
228
213
228
227
212
213
227
212
227
226
858
212
226
858
226
225
297
322
29
297
29
26
298
323
322
298
322
297
299
324
323
299
323
298
300
325
324
300
324
299
301
326
325
301
325
300
302
327
326
302
326
301
303
328
327
303
327
302
304
329
328
304
328
303
305
330
329
305
329
304
306
331
330
306
330
305
307
332
331
307
331
306
308
333
332
308
332
307
309
334
333
309
333
308
310
335
334
310
334
309
311
336
335
311
335
310
312
337
336
312
336
311
313
338
337
313
337
312
314
339
338
314
338
313
27
30
339
27
339
314
340
359
33
340
33
31
341
360
359
341
359
340
342
361
360
342
360
341
343
362
361
343
361
342
344
363
362
344
362
343
345
364
363
345
363
344
346
365
364
346
364
345
347
366
365
347
365
346
348
367
366
348
366
347
349
368
367
349
367
348
350
369
368
350
368
349
351
370
369
351
369
350
352
371
370
352
370
351
353
372
371
353
371
352
354
373
372
354
372
353
355
374
373
355
373
354
378
396
37
378
37
35
379
397
396
379
396
378
380
398
397
380
397
379
381
399
398
381
398
380
382
400
399
382
399
381
383
401
400
383
400
382
384
402
401
384
401
383
385
403
402
385
402
384
386
404
403
386
403
385
387
405
404
387
404
386
388
406
405
388
405
387
389
407
406
389
406
388
390
408
407
390
407
389
391
409
408
391
408
390
392
410
409
392
409
391
250
249
236
237
15
69
237
69
225
238
237
225
238
225
226
239
238
226
239
226
227
240
239
227
240
227
228
241
240
228
241
228
229
242
241
229
242
229
230
243
242
230
244
243
230
244
230
231
245
244
231
245
231
232
246
245
232
246
232
233
247
246
233
247
233
234
248
247
234
248
234
235
249
248
235
249
235
236
645
646
647
645
647
236
224
645
236
649
250
236
648
649
236
647
648
236
70
731
734
70
734
24
320
319
676
320
676
721
321
320
721
321
721
727
734
290
24
70
28
321
70
321
727
70
727
731
319
318
668
319
668
676
316
315
652
317
316
652
317
652
660
318
317
660
318
660
668
250
649
650
249
250
650
249
650
651
315
248
249
315
249
651
15
237
26
321
28
27
321
27
314
320
321
314
320
314
313
319
320
313
319
313
312
318
319
312
318
312
311
317
318
311
317
311
310
316
317
310
316
310
309
315
316
309
315
309
308
315
308
307
248
315
307
248
307
306
247
248
306
247
306
305
246
247
305
246
305
304
245
246
304
245
304
303
244
245
303
244
303
302
243
244
302
243
302
301
242
243
301
242
301
300
242
300
299
241
242
299
241
299
298
240
241
298
240
298
297
239
240
297
238
239
297
238
297
26
237
238
26
322
340
31
322
31
29
323
341
340
323
340
322
324
342
341
324
341
323
325
343
342
325
342
324
326
344
343
326
343
325
327
345
344
327
344
326
328
346
345
328
345
327
329
347
346
329
346
328
330
348
347
330
347
329
331
349
348
331
348
330
332
350
349
332
349
331
333
351
350
333
350
332
334
352
351
334
351
333
335
353
352
335
352
334
336
354
353
336
353
335
337
355
354
337
354
336
338
356
355
338
355
337
338
357
356
359
378
35
359
35
33
360
379
378
360
378
359
361
380
379
361
379
360
362
381
380
362
380
361
363
382
381
363
381
362
364
383
382
364
382
363
365
384
383
365
383
364
366
385
384
366
384
365
367
386
385
367
385
366
368
387
386
368
386
367
369
388
387
369
387
368
370
389
388
370
388
369
371
390
389
371
389
370
372
391
390
372
390
371
373
392
391
373
391
372
374
393
392
374
392
373
192
191
291
277
276
285
315
651
652
396
414
39
396
39
37
397
415
414
397
414
396
398
416
415
398
415
397
399
417
416
399
416
398
400
418
417
400
417
399
401
419
418
401
418
400
402
420
419
402
419
401
403
421
420
403
420
402
404
422
421
404
421
403
405
423
422
405
422
404
406
424
423
406
423
405
407
425
424
407
424
406
408
426
425
408
425
407
409
427
426
409
426
408
410
428
427
410
427
409
414
430
40
414
40
39
415
431
430
415
430
414
416
432
431
416
431
415
417
433
432
417
432
416
418
434
433
418
433
417
419
435
434
419
434
418
420
436
435
420
435
419
421
437
436
421
436
420
422
438
437
422
437
421
423
439
438
423
438
422
424
440
439
424
439
423
425
441
440
425
440
424
426
442
441
426
441
425
427
443
442
427
442
426
428
444
443
428
443
427
429
445
444
429
444
428
567
410
392
567
392
393
556
429
428
556
428
410
411
556
410
567
411
410
430
446
41
430
41
40
431
447
446
431
446
430
432
448
447
432
447
431
433
449
448
433
448
432
434
450
449
434
449
433
435
451
450
435
450
434
436
452
451
436
451
435
437
453
452
437
452
436
438
454
453
438
453
437
439
455
454
439
454
438
440
456
455
440
455
439
441
457
456
441
456
440
442
458
457
442
457
441
443
459
458
443
458
442
444
859
459
444
459
443
445
460
859
445
859
444
446
461
42
446
42
41
447
462
461
447
461
446
448
463
462
448
462
447
449
464
463
449
463
448
450
465
464
450
464
449
451
466
465
451
465
450
452
467
466
452
466
451
453
468
467
453
467
452
454
469
468
454
468
453
455
470
469
455
469
454
456
471
470
456
470
455
457
472
471
457
471
456
458
473
472
458
472
457
459
474
473
459
473
458
859
475
474
859
474
459
461
477
43
461
43
42
462
478
477
462
477
461
463
479
478
463
478
462
464
480
479
464
479
463
465
481
480
465
480
464
466
482
481
466
481
465
467
483
482
467
482
466
468
484
483
468
483
467
469
485
484
469
484
468
470
486
485
470
485
469
471
487
486
471
486
470
472
488
487
472
487
471
473
489
488
473
488
472
474
490
489
474
489
473
475
491
490
475
490
474
476
492
491
476
491
475
493
507
45
493
45
44
494
508
507
494
507
493
495
509
508
495
508
494
496
510
509
496
509
495
497
511
510
497
510
496
498
512
511
498
511
497
499
513
512
499
512
498
500
514
513
500
513
499
501
515
514
501
514
500
502
516
515
502
515
501
503
517
516
503
516
502
504
518
517
504
517
503
505
519
518
505
518
504
506
520
519
506
519
505
507
522
521
507
521
45
508
523
522
508
522
507
509
524
523
509
523
508
510
525
524
510
524
509
511
526
525
511
525
510
512
527
526
512
526
511
513
528
527
513
527
512
514
529
528
514
528
513
515
530
529
515
529
514
516
531
530
516
530
515
517
532
531
517
531
516
518
533
532
518
532
517
519
534
533
519
533
518
520
535
534
520
534
519
522
537
536
522
536
521
523
538
537
523
537
522
524
539
538
524
538
523
525
540
539
525
539
524
526
541
540
526
540
525
527
542
541
527
541
526
528
543
542
528
542
527
529
544
543
529
543
528
530
545
544
530
544
529
531
546
545
531
545
530
532
547
546
532
546
531
490
491
505
490
505
504
489
490
504
489
504
503
488
489
503
488
503
502
487
488
502
487
502
501
486
487
501
486
501
500
485
486
500
485
500
499
484
485
499
484
499
498
483
484
498
483
498
497
482
483
497
482
497
496
481
482
496
481
496
495
480
481
495
480
495
494
479
480
494
479
494
493
476
475
804
475
859
460
475
460
550
475
550
557
475
557
804
853
855
729
853
729
728
858
14
13
858
13
181
808
491
492
809
810
520
809
520
506
808
506
505
808
505
491
811
812
535
811
535
520
810
811
520
831
587
602
831
602
832
831
803
587
834
838
845
834
845
835
863
862
861
863
861
860
867
866
865
867
865
864
864
865
869
864
869
868
863
860
870
870
872
871
871
872
873
877
876
875
877
875
874
874
875
879
874
879
878
878
879
881
878
881
880
880
883
882
880
882
878
878
882
884
878
884
874
874
884
885
874
885
877
887
879
875
887
875
886
886
875
876
886
876
888
888
891
890
888
890
889
893
885
884
893
884
892
894
892
884
894
884
882
882
883
894
895
888
876
864
868
890
864
890
891
867
897
896
867
896
866
860
861
896
860
896
897
899
870
871
899
871
898
898
871
873
898
873
900
900
873
893
900
893
901
903
894
883
903
883
902
901
893
892
901
892
904
904
892
894
904
894
903
906
898
900
906
900
905
901
907
905
901
905
900
901
904
908
901
908
907
908
904
903
908
903
909
909
903
902
909
902
910
910
902
912
910
912
911
899
898
906
899
906
913
913
915
914
913
914
899
864
891
895
864
895
867
916
895
876
916
876
877
895
916
897
895
897
867
897
916
917
897
917
860
917
916
877
917
877
885
873
917
885
873
885
893
872
917
873
870
860
917
870
917
872
870
899
863
914
862
863
914
863
899
889
890
919
889
919
918
890
868
920
890
920
919
888
889
921
888
921
886
879
887
922
879
922
881
922
887
924
922
924
923
924
887
886
924
886
921
923
924
926
923
926
925
926
924
921
926
921
927
927
921
889
927
889
918
906
905
928
906
928
913
905
930
929
905
929
928
930
919
920
930
920
929
928
929
932
928
932
931
932
929
920
932
920
933
905
907
934
905
934
930
930
934
918
930
918
919
907
908
935
907
935
934
934
935
927
934
927
918
913
928
931
913
931
915
935
908
909
910
935
909
927
935
926
910
911
935
925
926
935
925
935
911
923
925
911
923
911
912
902
883
880
902
880
912
895
891
888
912
880
881
912
881
922
912
922
923
868
869
933
868
933
920
865
866
815
865
815
816
862
914
852
862
852
825
861
862
825
861
825
822
896
861
822
896
822
815
866
896
815
816
828
869
816
869
865
849
852
914
849
914
915
844
849
915
844
915
931
845
844
931
845
931
932
835
845
932
835
932
933
828
835
933
828
933
869
641
534
535
641
535
637
642
547
532
642
532
533
641
642
533
641
533
534
638
546
547
643
644
541
643
541
542
631
643
542
631
542
543
630
631
543
630
543
544
632
630
544
632
544
545
638
632
545
638
545
546
65
541
644
65
644
64
68
536
537
68
537
538
67
68
538
67
538
539
66
67
539
66
539
540
65
66
540
65
540
541
937
942
941
937
941
936
938
943
942
938
942
937
939
944
943
939
943
938
940
945
944
940
944
939
71
946
945
71
945
940
942
948
947
942
947
941
943
949
948
943
948
942
944
950
949
944
949
943
945
951
950
945
950
944
946
952
951
946
951
945
948
954
953
948
953
947
949
955
954
949
954
948
950
956
955
950
955
949
951
957
956
951
956
950
952
957
951
954
959
958
954
958
953
955
960
959
955
959
954
956
961
960
956
960
955
957
962
961
957
961
956
959
964
963
959
963
958
960
965
964
960
964
959
961
966
965
961
965
960
962
967
966
962
966
961
964
969
968
964
968
963
965
970
969
965
969
964
966
45
970
966
970
965
967
971
45
967
45
966
952
478
957
946
71
43
946
43
477
952
946
477
952
477
478
478
493
957
478
479
493
591
972
973
591
973
592
592
973
974
592
974
593
593
974
975
593
975
594
594
975
976
594
976
595
595
976
977
595
977
608
608
977
978
608
978
609
609
978
979
609
979
610
610
979
972
610
972
591
597
980
981
597
981
598
598
981
982
598
982
599
599
982
983
599
983
600
600
983
984
600
984
601
601
984
985
601
985
603
603
985
986
603
986
605
605
986
987
605
987
606
606
987
988
606
988
607
607
988
980
607
980
597
978
990
989
978
989
979
977
991
990
977
990
978
976
992
991
976
991
977
975
993
992
975
992
976
974
994
993
974
993
975
973
995
994
973
994
974
972
996
995
972
995
973
979
989
996
979
996
972
988
998
997
988
997
980
987
999
998
987
998
988
986
1000
999
986
999
987
985
1001
1000
985
1000
986
984
1002
1001
984
1001
985
983
1003
1002
983
1002
984
982
1004
1003
982
1003
983
981
1005
1004
981
1004
982
980
997
1005
980
1005
981
995
996
1006
994
995
1006
993
994
1006
992
993
1006
991
992
1006
990
991
1006
989
990
1006
996
989
1006
1005
997
1007
1004
1005
1007
1003
1004
1007
1002
1003
1007
1001
1002
1007
1000
1001
1007
999
1000
1007
998
999
1007
997
998
1007
1008
1009
1010
1008
1010
1011
1008
1011
1012
1008
1012
1013
1014
1015
1011
1014
1011
1010
1011
1015
1016
1011
1016
1012
1012
1016
1017
1013
1012
1017
1013
1017
1018
1008
1013
1018
1008
1018
1019
1008
1019
1020
1021
1014
1010
1021
1010
1009
1022
1019
1018
1022
1018
1023
1020
1024
1025
1020
1025
1021
1026
1015
1014
1017
1028
1023
1017
1023
1018
1017
1016
1029
1017
1029
1028
1023
1028
1030
1023
1030
1031
1028
1029
1032
1028
1032
1030
1029
1033
1032
1029
1027
1033
1034
1035
1026
1034
1026
1025
1035
1036
1026
1026
1036
1027
1024
1037
1038
1024
1038
1025
1037
1024
1022
1037
1022
1039
1040
1041
1037
1040
1037
1039
1041
1042
1038
1041
1038
1037
1042
1043
1034
1042
1034
1038
1043
1044
1035
1043
1035
1034
1044
1045
1036
1044
1036
1035
1045
1046
1027
1045
1027
1036
1046
1047
1027
1027
1047
1048
1027
1048
1033
1033
1048
1049
1033
1049
1032
1030
1032
1049
1030
1049
1050
1031
1030
1050
1031
1050
1051
1022
1031
1051
1046
1052
1053
1046
1053
1054
1046
1054
1047
1047
1054
1055
1047
1055
1048
1048
1055
1056
1048
1056
1049
1050
1049
1056
1050
1056
1057
1051
1050
1057
1051
1057
1058
1022
1051
1058
1022
1058
1059
1044
1060
1061
1044
1061
1045
1062
1060
1044
1062
1044
1043
1063
1062
1043
1063
1043
1042
1063
1042
1041
1063
1041
1064
1064
1041
1040
1064
1040
1065
1066
1065
1040
1066
1040
1022
1066
1022
1059
1067
1064
1065
1067
1065
1068
1067
1069
1063
1067
1063
1064
1069
1070
1062
1069
1062
1063
1070
1071
1060
1070
1060
1062
1071
1072
1061
1071
1061
1060
1072
1073
1052
1072
1052
1061
1052
1073
1074
1052
1074
1053
1053
1074
1054
1075
1066
1059
1069
1076
1077
1069
1077
1070
1077
1078
1071
1077
1071
1070
1078
1079
1072
1078
1072
1071
1079
1080
1073
1079
1073
1072
1080
1081
1074
1080
1074
1073
1074
1081
1082
1074
1082
1054
1054
1082
1083
1054
1083
1055
1055
1083
1084
1055
1084
1056
1057
1056
1084
1057
1084
1085
1057
1085
1086
1058
1057
1086
1058
1086
1087
1059
1058
1087
1059
1087
1088
1075
1059
1088
1075
1088
1089
1090
1068
1075
1090
1075
1089
1091
1068
1090
1092
1067
1068
1092
1068
1093
1093
1068
1091
72
73
1079
72
1079
1078
73
1094
1080
73
1080
1079
1094
1095
1081
1094
1081
1080
1095
1096
1082
1095
1082
1081
1082
1096
1097
1082
1097
1083
1088
1087
1098
1088
1098
1099
1088
1099
1100
1089
1088
1100
1089
1100
1101
1090
1089
1101
1090
1101
1102
1103
1091
1090
1103
1090
1102
1104
1093
1091
1104
1091
1103
1105
74
1077
1105
1077
1076
1106
1105
1076
1106
1076
1092
1107
1106
1092
1107
1092
1093
1107
1093
1108
1108
1093
1104
1083
1097
1109
1083
1109
1084
1084
1109
1110
1084
1110
1085
1085
1110
1111
1085
1111
1086
1086
1111
1112
1086
1112
1087
1087
1112
1098
75
1113
1095
75
1095
1094
75
76
1113
76
77
1114
76
1114
1113
1095
1113
1114
1095
1114
1115
1095
1115
1116
1095
1116
1096
1096
1116
1117
1096
1117
1097
1097
1117
1118
1097
1118
1109
1109
1118
1119
1109
1119
1110
1110
1119
1120
1110
1120
1121
1110
1121
1111
1112
1111
1121
1112
1121
1122
1098
1112
1122
1098
1122
1123
1099
1098
1123
1099
1123
1124
1100
1099
1124
1100
1124
1125
1101
1100
1125
1101
1125
1126
1127
1102
1101
1127
1101
1126
1128
1103
1102
1128
1102
1127
77
78
1129
77
1129
1114
1114
1129
1130
1114
1130
1115
1115
1130
1131
1115
1131
1116
1116
1131
1132
1116
1132
1117
1117
1132
1133
1117
1133
1118
1118
1133
1134
1118
1134
1119
1119
1134
1135
1119
1135
1120
1136
1137
1138
1136
1138
1139
1141
1142
1140
1142
1141
1143
1142
1143
1144
1144
1143
1145
1144
1145
1146
79
1136
1129
79
1129
78
1129
1136
1139
1129
1139
1130
1139
1140
1131
1139
1131
1130
1131
1140
1142
1131
1142
1132
1132
1142
1144
1132
1144
1133
1133
1144
1146
1133
1146
1134
1134
1146
1147
1134
1147
1135
1148
1149
1150
1148
1150
1151
80
81
1152
80
1152
1149
1149
1152
1153
1149
1153
1150
82
83
1148
82
1148
1137
1137
1148
1151
1137
1151
1138
1138
1151
1154
1138
1154
1141
1151
1150
1155
1151
1155
1154
1150
1153
1156
1150
1156
1155
1152
1157
1153
81
84
1157
81
1157
1152
1153
1157
1156
1157
84
85
1157
85
1158
85
86
1159
85
1159
1158
86
87
1160
86
1160
1159
1159
1160
1161
1159
1161
1162
1158
1159
1162
1158
1162
1163
1164
1165
1166
1164
1166
1167
1164
1167
1168
1169
1170
1163
1169
1163
1165
1165
1163
1162
1165
1162
1166
1162
1161
1171
1162
1171
1166
1167
1166
1171
1167
1171
1172
1164
1173
1169
1164
1169
1165
1145
1174
1173
1145
1173
1164
1143
1175
1174
1143
1174
1145
1141
1154
1175
1141
1175
1143
1176
1170
1169
1177
1176
1169
1177
1169
1173
1178
1179
1174
1178
1174
1175
1178
1175
1154
1178
1154
1155
1178
1155
1156
1178
1156
1179
1179
1156
1177
1156
1157
1176
1156
1176
1177
1180
1167
1172
1180
1172
1181
1182
1180
1181
1182
1181
1183
1184
1168
1185
1145
1164
1168
1145
1168
1184
1146
1145
1184
1146
1184
1186
1146
1186
1147
1147
1186
1187
1186
1184
1185
1186
1185
1188
1188
1185
1180
1188
1180
1182
1188
1187
1186
1188
1182
1183
1188
1183
1187
1135
1147
1187
1135
1187
1189
1189
1187
1190
1187
1183
1190
1183
1191
1190
1135
1189
1192
1192
1189
1190
1192
1190
1193
1190
1191
1194
1193
1190
1194
1181
1172
1195
1181
1195
1196
1172
1171
1197
1172
1197
1195
1191
1196
1198
1191
1198
1194
1196
1195
1199
1196
1199
1198
1195
1197
1200
1195
1200
1199
1120
1135
1192
1120
1192
1201
1201
1192
1193
1201
1193
1202
1193
1194
1203
1202
1193
1203
1202
1203
1204
1161
1205
1197
1161
1197
1171
87
88
1160
1160
88
1205
1160
1205
1161
88
89
1206
88
1206
1205
1205
1206
1200
1205
1200
1197
1206
89
90
1206
90
1207
1206
1207
1200
90
91
1207
1200
1207
1208
1200
1208
1199
1209
92
93
1209
93
1210
1199
1208
1211
1199
1211
1198
1198
1211
1212
1198
1212
1194
94
92
1209
1207
91
95
1207
95
1208
1208
95
94
1208
94
1209
1211
1208
1209
1211
1209
1212
1203
1194
1212
1204
1203
1212
1204
1212
1213
1212
1209
1210
1212
1210
1213
1210
93
96
1210
96
1214
1213
1210
1214
1213
1214
1215
1216
1215
1214
1216
1214
1217
1214
96
97
1214
97
1217
1218
1204
1213
1218
1213
1215
1219
1218
1215
1219
1215
1216
1220
1201
1202
1220
1202
1221
1202
1204
1218
1202
1218
1221
1122
1121
1220
1122
1220
1222
1222
1220
1221
1222
1221
1223
1223
1221
1218
1223
1218
1219
1123
1122
1222
1123
1222
1224
1224
1222
1223
1224
1223
1225
1225
1223
1219
1225
1219
1226
1227
1226
1228
1227
1228
1229
1217
97
98
1217
98
1230
1216
1217
1230
1216
1230
1231
1228
1216
1231
1228
1231
1232
1228
1232
1229
1228
1226
1219
1228
1219
1216
1233
1224
1225
1233
1225
1234
1235
1229
1232
1235
1236
1227
1235
1227
1229
1237
1238
1236
1237
1236
1235
1227
1225
1226
1236
1234
1225
1236
1225
1227
1238
1239
1234
1238
1234
1236
1239
1240
1233
1239
1233
1234
1240
1125
1124
1240
1124
1233
1241
1126
1125
1241
1125
1240
1242
1127
1126
1242
1126
1241
1243
1128
1127
1243
1127
1242
1244
1242
1241
1244
1241
1245
1245
1241
1240
1245
1240
1239
1246
1245
1239
1246
1239
1238
1247
1246
1238
1247
1238
1237
1248
1244
1245
1248
1245
1246
1249
1248
1246
1249
1246
1247
74
72
1078
74
1078
1077
73
75
1094
79
82
1137
79
1137
1136
83
80
1149
83
1149
1148
1250
99
100
1250
100
1251
1252
1250
1251
1252
1251
1253
1254
1252
1253
1254
1253
1255
1256
101
99
1256
99
1250
1257
1256
1250
1257
1250
1252
1258
1257
1252
1258
1252
1254
1259
1258
1254
1259
1254
1260
1260
1254
1255
1260
1255
1261
1262
1259
1260
1262
1260
1263
1263
1260
1261
1263
1261
1264
1265
1262
1263
1265
1263
1266
1266
1263
1264
1266
1264
1267
1268
1265
1266
1268
1266
1269
1269
1266
1267
1269
1267
1270
1271
1268
1269
1271
1269
1272
1269
1270
1273
1269
1273
1272
1274
1271
1272
1274
1272
1275
1272
1273
1276
1272
1276
1275
102
74
1105
1251
100
102
1251
102
1105
1251
1105
1106
1253
1251
1106
1255
1253
1106
1277
1261
1255
1264
1261
1277
1264
1277
1278
1267
1264
1278
1267
1278
1279
1270
1267
1279
1270
1279
1280
1273
1270
1280
1273
1280
1281
1276
1273
1281
1276
1281
1282
1283
1276
1282
1283
1282
1284
1285
1275
1276
1285
1276
1283
1286
1274
1275
1286
1275
1285
1287
1283
1284
1287
1284
1288
1289
1285
1283
1289
1283
1287
1290
1286
1285
1290
1285
1289
1291
1287
1288
1291
1288
1292
1293
1289
1287
1293
1287
1291
1290
1289
1293
1290
1293
1294
1295
1294
1293
1295
1293
1291
1295
1291
1292
1277
1255
1106
1277
1106
1107
1296
1278
1277
1296
1277
1107
1297
1279
1278
1297
1278
1296
1280
1279
1297
1280
1297
1298
1297
1296
1299
1297
1299
1300
1299
1296
1107
1299
1107
1301
1298
1297
1300
1298
1300
1302
1281
1280
1298
1281
1298
1303
1303
1298
1302
1303
1302
1304
1282
1281
1303
1282
1303
1305
1305
1303
1304
1305
1304
1306
1284
1282
1305
1284
1305
1307
1307
1305
1306
1307
1306
1308
1309
1307
1308
1309
1308
1310
1311
1309
1310
1311
1310
1312
1288
1284
1307
1288
1307
1309
1292
1288
1309
1292
1309
1311
1313
1308
1306
1313
1306
1314
1308
1313
1315
1308
1315
1310
1316
1312
1310
1316
1310
1315
1306
1304
1317
1306
1317
1314
1317
1304
1302
1317
1302
1318
1318
1302
1300
1318
1300
1319
1319
1300
1299
1319
1299
1320
1321
1320
1299
1321
1299
1301
1316
1295
1312
1315
1322
1323
1315
1323
1316
1313
1324
1322
1313
1322
1315
1314
1325
1324
1314
1324
1313
1317
1326
1325
1317
1325
1314
1318
1327
1326
1318
1326
1317
1319
1328
1327
1319
1327
1318
1316
1323
1295
1329
1328
1319
1329
1319
1320
1329
1320
1321
1329
1321
1330
1327
1331
1332
1327
1332
1326
1326
1332
1333
1326
1333
1325
1325
1333
1334
1325
1334
1324
1328
1335
1331
1328
1331
1327
1336
1335
1328
1336
1328
1329
1337
1336
1329
1337
1329
1330
1338
1337
1330
1338
1330
1339
1340
1338
1339
1340
1339
1341
1334
1342
1322
1334
1322
1324
1322
1342
1343
1322
1343
1323
1256
1344
103
1256
103
101
1257
1345
1344
1257
1344
1256
1258
1346
1345
1258
1345
1257
1259
1347
1346
1259
1346
1258
1262
1348
1347
1262
1347
1259
1286
1349
1350
1286
1350
1274
1274
1350
1351
1274
1351
1271
1271
1351
1352
1271
1352
1268
1348
1262
1265
1348
1265
1353
1341
1354
1355
1341
1355
1340
104
1355
1354
104
1354
105
104
103
1344
104
1344
1355
1355
1344
1345
1355
1345
1340
1340
1345
1346
1340
1346
1338
1338
1346
1347
1338
1347
1337
1337
1347
1348
1337
1348
1336
1353
1265
1268
1353
1268
1352
1336
1348
1353
1336
1353
1335
1335
1353
1352
1335
1352
1331
1331
1352
1351
1331
1351
1332
1332
1351
1350
1332
1350
1333
1286
1290
1356
1286
1356
1349
1294
1357
1356
1294
1356
1290
1357
1294
1295
1350
1349
1334
1350
1334
1333
1349
1356
1342
1349
1342
1334
1343
1342
1356
1343
1356
1357
1343
1357
1295
106
105
1354
106
1354
1358
1354
1361
1359
1354
1359
1358
1354
1341
1339
1354
1339
1362
1354
1362
1361
1361
1362
1363
1361
1363
1364
1359
1361
1364
1359
1364
1365
1359
1365
1366
1359
1366
1360
1339
1330
1321
1339
1321
1363
1339
1363
1362
1363
1367
1368
1363
1368
1364
1364
1368
1369
1364
1369
1365
1365
1369
1370
1365
1370
1366
1367
1371
1372
1367
1372
1368
1369
1368
1372
1369
1372
1373
1369
1373
1374
1369
1374
1370
1321
1301
1375
1363
1321
1375
1363
1375
1367
1375
1376
1371
1375
1371
1367
1376
1377
1378
1376
1378
1371
1371
1378
1379
1371
1379
1372
1372
1379
1380
1372
1380
1373
1377
1381
1382
1377
1382
1378
1378
1382
1383
1378
1383
1379
1379
1383
1384
1379
1384
1380
1385
1386
1387
1385
1387
1388
1383
1382
1389
1383
1389
1386
1386
1389
1387
1382
1381
1390
1382
1390
1391
1382
1391
1389
1389
1391
1392
1389
1392
1387
1387
1392
1393
1387
1393
1388
1388
1393
1394
1388
1394
1395
1395
1394
1396
1384
1383
1386
1384
1386
1397
1397
1386
1385
1374
1373
1380
1374
1380
1398
1398
1380
1384
1398
1384
1399
1399
1384
1397
1399
1397
1400
1400
1397
1385
1385
1388
1395
1408
1400
1385
1408
1385
1409
1409
1385
1395
1395
1396
1407
1406
1409
1395
1406
1395
1407
1409
1406
1405
1409
1405
1408
1410
1408
1405
1410
1405
1404
1410
1399
1400
1410
1400
1408
1411
1360
1366
1411
1366
1412
1412
1366
1370
1412
1370
1413
1411
1412
1402
1411
1402
1401
1412
1413
1402
1398
1399
1410
1398
1410
1414
1414
1374
1398
1413
1370
1374
1413
1374
1414
1413
1414
1402
1414
1403
1402
1414
1410
1404
1414
1404
1403
1301
1107
1108
1415
1108
1442
1415
1442
1443
1415
1301
1108
1442
1108
1104
1443
1442
1104
1396
1394
1423
1396
1423
1424
1434
1444
1445
1434
1445
1435
1444
1446
1445
1394
1393
1422
1394
1422
1423
1423
1422
1433
1423
1433
1434
1433
1447
1444
1433
1444
1434
1448
1301
1415
1448
1415
1416
1418
1448
1416
1418
1416
1417
1375
1301
1376
1376
1301
1377
1377
1301
1448
1381
1377
1448
1381
1448
1390
1416
1415
1443
1390
1448
1418
1390
1418
1419
1420
1391
1390
1420
1390
1419
1421
1392
1391
1421
1391
1420
1421
1422
1393
1421
1393
1392
1433
1422
1421
1433
1421
1432
1432
1421
1420
1432
1420
1431
1420
1419
1430
1420
1430
1431
1419
1418
1429
1419
1429
1430
1447
1433
1432
1447
1432
1431
1447
1431
1449
1417
1416
1443
1417
1443
1450
1429
1418
1417
1429
1417
1428
1449
1431
1430
1449
1430
1451
1451
1430
1429
1451
1429
1452
1452
1429
1428
1452
1428
1453
1454
1452
1453
1455
1451
1452
1455
1452
1454
1456
1449
1451
1456
1451
1455
1457
1447
1449
1457
1449
1456
1446
1444
1447
1446
1447
1457
1458
1454
1453
1459
1455
1454
1459
1454
1458
1460
1456
1455
1460
1455
1459
1461
1457
1456
1461
1456
1460
1461
1446
1457
1437
1459
1458
1437
1458
1436
1438
1460
1459
1438
1459
1437
1439
1461
1460
1439
1460
1438
1440
1446
1461
1440
1461
1439
1441
1445
1446
1441
1446
1440
1441
1435
1445
1450
1243
1462
1244
1462
1243
1244
1243
1242
1243
1450
1443
1243
1443
1128
1128
1443
1104
1128
1104
1103
1248
1402
1462
1248
1462
1244
1428
1417
1427
1417
1425
1427
1427
1425
1426
1453
1428
1427
1458
1453
1427
1458
1427
1436
1425
1417
1450
1425
1450
1462
1425
1462
1426
1436
1427
1426
1157
1170
1176
1157
1158
1163
1157
1163
1170
1180
1185
1168
1180
1168
1167
1173
1174
1179
1173
1179
1177
1183
1181
1196
1183
1196
1191
1140
1139
1138
1140
1138
1141
1120
1201
1220
1120
1220
1121
1224
1233
1124
1224
1124
1123
1075
1068
1065
1075
1065
1066
1024
1020
1019
1024
1019
1022
1008
1020
1021
1008
1021
1009
1022
1023
1031
1021
1025
1026
1021
1026
1014
1040
1039
1022
1016
1015
1027
1016
1027
1029
1026
1027
1015
1038
1034
1025
1092
1076
1069
1092
1069
1067
1045
1061
1052
1045
1052
1046
1407
1396
1424
1407
1424
1435
1407
1435
1441
1436
1426
1402
1436
1402
1403
1437
1436
1403
1437
1403
1404
1438
1437
1404
1438
1404
1405
1439
1438
1405
1439
1405
1406
1440
1439
1406
1440
1406
1407
1441
1440
1407
1323
1343
1295
1401
1402
1248
1401
1248
1249
2
117
1230
2
1230
98
111
1401
1249
112
111
1249
112
1249
1247
113
112
1247
113
1247
1237
114
113
1237
114
1237
1235
115
114
1235
115
1235
1232
116
115
1232
116
1232
1231
117
116
1231
117
1231
1230
108
1358
1359
108
1359
109
107
1
106
107
106
1358
108
107
1358
1411
1401
111
1411
111
110
1360
1411
110
1360
110
109
1359
1360
109
1292
1311
1295
1311
1312
1295
1426
1462
1402
712
707
706
712
706
784
706
735
767
706
767
784
577
576
395
577
395
584
582
578
572
582
572
577
612
840
604
612
604
611
840
603
604
840
602
601
840
601
603
44
957
493
971
962
957
971
957
44
1434
1435
1424
1434
1424
1423
602
840
839
602
839
832
840
612
841
840
841
839
1609
1567
1608
1609
1608
1607
1610
1558
1567
1610
1567
1609
1611
1558
1610
1610
1613
1612
1610
1612
1611
1609
1614
1613
1609
1613
1610
1607
1615
1614
1607
1614
1609
1617
1616
1614
1617
1614
1615
1619
1618
1616
1619
1616
1617
1620
1618
1619
1622
1621
1618
1622
1618
1620
1623
1621
1622
1624
1621
1623
1626
1625
1621
1626
1621
1624
1616
1618
1621
1616
1621
1625
1625
1613
1614
1625
1614
1616
1626
1612
1613
1626
1613
1625
1627
1611
1612
1629
1628
1626
1626
1624
1629
1624
1631
1630
1624
1630
1629
1628
1629
1630
1632
1631
1624
1623
1633
1632
1623
1632
1624
1622
1634
1633
1622
1633
1623
1635
1634
1622
1620
1636
1635
1620
1635
1622
1619
1637
1636
1619
1636
1620
1630
1639
1638
1630
1638
1628
1631
1640
1639
1631
1639
1630
1632
1641
1640
1632
1640
1631
1633
1642
1641
1634
1643
1642
1634
1642
1633
1635
1644
1643
1635
1643
1634
1636
1645
1644
1636
1644
1635
1637
1646
1645
1637
1645
1636
1639
17
16
1639
16
1638
1640
18
17
1640
17
1639
1641
19
18
1641
18
1640
1642
20
19
1642
19
1641
1643
21
20
1643
20
1642
1644
22
21
1644
21
1643
1645
23
22
1645
22
1644
1646
24
23
1646
23
1645
1648
1547
1647
1647
1534
1648
1649
1534
1647
1647
1650
1649
1548
1650
1647
1549
1558
1611
1557
1558
1549
1549
1548
1557
1627
1649
1650
1627
1650
1611
1628
1649
1627
1651
1649
1628
1628
1638
1652
1628
1652
1651
16
25
1652
16
1652
1638
12
1536
1652
12
1652
25
1612
1626
1628
1612
1628
1627
1650
1548
1549
1650
1549
1611
1649
1651
1535
1649
1535
1534
1652
1536
1535
1652
1535
1651
1816
1902
1801
1903
1801
1902
1785
1801
1903
1905
1816
1904
1906
1902
1816
1906
1816
1905
1907
1903
1902
1907
1902
1906
1908
1785
1903
1908
1903
1907
1909
1785
1908
1910
1785
1909
1912
1905
1904
1912
1904
1911
1913
1906
1905
1913
1905
1912
1914
1907
1906
1914
1906
1913
1916
1915
1907
1916
1907
1914
1908
1907
1915
1917
1909
1908
1917
1908
1915
1918
1910
1909
1918
1909
1917
1919
1910
1918
1918
1920
1919
1917
1920
1918
1915
1916
1920
1915
1920
1917
1768
1767
1910
1768
1910
1919
1922
1921
1767
1922
1767
1768
1749
1921
1922
1922
1924
1923
1922
1923
1749
1768
1924
1922
1926
1925
1923
1926
1923
1924
1750
1749
1923
1927
1749
1750
1928
1730
1749
1928
1749
1927
1731
1730
1928
1929
1730
1731
1712
1711
1730
1712
1730
1929
1732
1713
1712
1732
1712
1929
1929
1731
1732
1928
1732
1731
1927
1751
1732
1927
1732
1928
1750
1923
1925
1930
1751
1925
1930
1925
1926
1926
1931
1930
1924
1768
1926
1932
1926
1768
1768
1933
1932
1919
1933
1768
1934
1933
1919
1935
1933
1934
1936
1932
1933
1936
1933
1935
1937
1935
1934
1769
1936
1935
1769
1935
1937
1931
1936
1769
1938
1931
1769
1733
1732
1751
1733
1751
1938
1714
1713
1732
1714
1732
1733
1695
1694
1713
1695
1713
1714
1714
32
30
1714
30
1695
1733
34
32
1733
32
1714
1938
36
34
1938
34
1733
1769
38
36
1769
36
1938
1937
46
38
1937
38
1769
1939
47
46
1939
46
1937
1937
1934
1940
1937
1940
1939
1916
1940
1934
1934
1920
1916
1919
1920
1934
1942
1912
1911
1942
1911
1941
1943
1913
1912
1943
1912
1942
1944
1914
1913
1944
1913
1943
1940
1916
1914
1940
1914
1944
1946
1945
1939
1946
1939
1940
1940
1944
1947
1940
1947
1946
1943
1948
1947
1943
1947
1944
1950
1949
1948
1950
1948
1943
1943
1952
1951
1943
1951
1950
1942
1953
1952
1942
1952
1943
1941
1954
1953
1941
1953
1942
1956
1955
1954
1956
1954
1941
48
1959
1957
48
1957
1958
49
1960
1959
49
1959
48
50
1961
1960
50
1960
49
1950
1951
1961
1950
1961
50
50
1962
1949
50
1949
1950
51
1963
1962
51
1962
50
47
1964
1963
47
1963
51
1939
1945
1964
1939
1964
47
1751
1750
1925
1750
1751
1927
1968
1967
1965
1968
1965
1966
1970
1969
1967
1970
1967
1968
1972
1971
1969
1972
1969
1970
1974
1973
1971
1974
1971
1972
1976
1975
1973
1976
1973
1974
1978
1977
1975
1978
1975
1976
1980
1979
1977
1980
1977
1978
1982
1981
1979
1982
1979
1980
1984
1983
1981
1984
1981
1982
1985
1983
1984
53
52
1983
53
1983
1985
54
1981
1983
54
1983
52
56
1977
1979
56
1979
55
57
1975
1977
57
1977
56
58
1973
1975
58
1975
57
59
1971
1973
59
1973
58
60
1969
1971
60
1971
59
61
1967
1969
61
1969
60
62
1965
1967
62
1967
61
48
1958
1965
48
1965
62
55
1979
1981
55
1981
54
1982
1986
1984
1980
1987
1986
1980
1986
1982
1978
1988
1987
1978
1987
1980
1976
1989
1988
1976
1988
1978
1974
1990
1989
1974
1989
1976
1972
1991
1990
1972
1990
1974
1970
1991
1972
1993
1901
1992
1987
1992
1986
1988
1993
1992
1988
1992
1987
1989
1994
1993
1989
1993
1988
1990
1995
1994
1990
1994
1989
1991
1995
1990
1996
1994
1995
1997
63
53
1997
53
1985
1998
64
63
1998
63
1997
1901
1993
1994
1901
1994
1996
2090
2054
2060
2090
2060
2089
2092
2091
2043
2092
2043
2087
2093
2031
2091
2093
2091
2092
2094
2090
2089
2096
2095
2094
2097
2095
2096
2102
2101
2100
2102
2100
2099
2104
2103
2101
2104
2101
2102
2106
2105
2103
2106
2103
2104
2104
2108
2107
2104
2107
2106
2102
2109
2108
2102
2108
2104
2099
2110
2109
2099
2109
2102
2112
2101
2103
2112
2103
2111
2113
2100
2101
2113
2101
2112
2116
2115
2114
2116
2114
2113
2118
2109
2110
2118
2110
2117
2108
2109
2118
2108
2118
2119
2119
2107
2108
2100
2113
2120
2114
2115
2093
2114
2093
2092
2043
2076
2098
2043
2098
2087
2098
2076
2054
2098
2054
2090
2122
2096
2094
2122
2094
2121
2123
2097
2096
2123
2096
2122
2124
2117
2097
2124
2097
2123
2126
2107
2119
2126
2119
2125
2127
2118
2117
2127
2117
2124
2125
2119
2118
2125
2118
2127
2129
2123
2122
2129
2122
2128
2123
2129
2130
2123
2130
2124
2130
2131
2127
2130
2127
2124
2132
2125
2127
2132
2127
2131
2133
2126
2125
2133
2125
2132
2135
2134
2126
2135
2126
2133
2136
2128
2122
2136
2122
2121
2121
2138
2137
2121
2137
2136
2087
2120
2114
2087
2114
2092
2099
2100
2120
2099
2120
2086
2087
2098
2086
2087
2086
2120
2090
2139
2086
2090
2086
2098
2110
2099
2086
2110
2086
2139
2117
2110
2139
2117
2139
2097
2097
2139
2095
2095
2139
2090
2095
2090
2094
2089
2121
2094
2141
2140
2115
2141
2115
2116
2140
2142
2093
2140
2093
2115
2112
2143
2116
2112
2116
2113
2105
2144
2111
2105
2111
2103
2146
2145
2111
2146
2111
2144
2143
2112
2111
2143
2111
2145
2148
2147
2145
2148
2145
2146
2149
2143
2145
2149
2145
2147
2141
2116
2143
2141
2143
2149
2150
2129
2128
2136
2150
2128
2150
2152
2151
2150
2151
2129
2152
2142
2140
2152
2140
2151
2037
2153
2152
2037
2152
2150
2154
2142
2152
2154
2152
2153
2151
2155
2130
2151
2130
2129
2140
2141
2155
2140
2155
2151
2155
2156
2131
2155
2131
2130
2141
2149
2156
2141
2156
2155
2137
2037
2150
2137
2150
2136
2132
2131
2156
2132
2156
2133
2147
2156
2149
2156
2135
2133
2135
2156
2147
2135
2147
2148
2134
2135
2148
2134
2148
2146
2134
2106
2107
2134
2107
2126
2158
2157
1941
2158
1941
1911
1832
2159
2157
1832
2157
2158
1848
2160
2159
1848
2159
1832
2162
2161
2160
2162
2160
1848
1862
2163
2161
1862
2161
2162
1970
2168
2167
1970
2167
2166
2166
1890
1991
2166
1991
1970
2172
2171
2169
2172
2169
2170
2174
2173
2171
2174
2171
2172
2160
2161
2173
2160
2173
2174
2173
2175
2171
2161
2163
2175
2161
2175
2173
2171
2177
2176
2171
2176
2169
2175
2178
2177
2175
2177
2171
2163
2164
2178
2163
2178
2175
2177
2180
2179
2177
2179
2176
2178
2181
2180
2178
2180
2177
2164
2167
2181
2164
2181
2178
2183
2172
2170
2183
2170
2182
2184
2174
2172
2184
2172
2183
2159
2160
2174
2159
2174
2184
2157
2159
2185
2184
2187
2185
2184
2185
2159
2183
2188
2187
2183
2187
2184
2182
2189
2188
2182
2188
2183
2187
2190
2186
2187
2186
2185
2188
2190
2187
2192
2191
2190
2192
2190
2188
2190
2191
2193
2190
2193
2186
2191
2196
2195
2191
2195
2193
2192
2197
2196
2192
2196
2191
2199
2198
2197
2199
2197
2192
2200
2168
1970
2200
1970
1968
1968
1966
2195
1968
2195
2200
2196
2201
2200
2196
2200
2195
2197
2202
2201
2197
2201
2196
2198
2203
2202
2198
2202
2197
2201
2204
2168
2201
2168
2200
2202
2205
2204
2202
2204
2201
2203
2206
2205
2203
2205
2202
2205
2180
2181
2205
2181
2204
2206
2179
2180
2206
2180
2205
2204
2181
2167
2204
2167
2168
2165
2166
2167
2165
2167
2164
2033
2039
2038
2033
2038
2032
2034
2040
2039
2034
2039
2033
2035
2041
2040
2035
2040
2034
2036
2042
2041
2036
2041
2035
2060
2054
2055
2060
2055
2061
2061
2055
2056
2061
2056
2062
2062
2056
2057
2062
2057
2063
2063
2057
2058
2063
2058
2064
2064
2058
2059
2064
2059
2065
2066
2061
2062
2066
2062
2067
2067
2062
2063
2067
2063
2068
2068
2063
2064
2068
2064
2069
2069
2064
2065
2069
2065
2070
2071
2066
2067
2071
2067
2072
2072
2067
2068
2072
2068
2073
2073
2068
2069
2073
2069
2074
2074
2069
2070
2074
2070
2075
2077
2071
2072
2077
2072
2078
2078
2072
2073
2078
2073
2079
2079
2073
2074
2079
2074
2080
2080
2074
2075
2080
2075
2081
2091
2031
2032
2091
2032
2038
2043
2091
2038
2043
2038
2044
2041
2042
2048
2041
2048
2047
2040
2041
2047
2040
2047
2046
2044
2038
2039
2044
2039
2045
2039
2040
2046
2039
2046
2045
2076
2049
2055
2076
2055
2054
2076
2043
2044
2076
2044
2049
2052
2053
2059
2052
2059
2058
2051
2052
2058
2051
2058
2057
2050
2051
2057
2050
2057
2056
2049
2050
2056
2049
2056
2055
2047
2048
2053
2047
2053
2052
2046
2047
2052
2046
2052
2051
2045
2046
2051
2045
2051
2050
2044
2045
2050
2044
2050
2049
2113
2114
2120
2146
2144
2105
2146
2105
2106
2146
2106
2134
2137
2071
2077
2137
2077
2037
2080
2081
2085
2080
2085
2084
2079
2080
2084
2079
2084
2083
2078
2079
2083
2078
2083
2082
2137
2138
2066
2137
2066
2071
2142
2154
2031
2142
2031
2093
2210
2154
2153
2210
2153
2211
2207
2210
2211
2207
2211
2082
2153
2037
2077
2153
2077
2211
2077
2078
2082
2077
2082
2211
2031
2154
2210
2031
2210
2032
2084
2085
2088
2084
2088
2208
2083
2084
2208
2083
2208
2209
2208
2088
2036
2208
2036
2035
2209
2208
2035
2209
2035
2034
2207
2209
2034
2207
2034
2033
2210
2207
2033
2210
2033
2032
1619
1617
2015
1619
2015
2023
2023
2015
2016
2023
2016
2024
2024
2016
2017
2024
2017
2025
2025
2017
2018
2025
2018
2026
2026
2018
2019
2026
2019
2027
2027
2019
2020
2027
2020
2028
2028
2020
2021
2028
2021
2029
2029
2021
2022
2029
2022
2030
1617
1615
2007
1617
2007
2015
2015
2007
2008
2015
2008
2016
2016
2008
2009
2016
2009
2017
2017
2009
2010
2017
2010
2018
2018
2010
2011
2018
2011
2019
2019
2011
2012
2019
2012
2020
2020
2012
2013
2020
2013
2021
2021
2013
2014
2021
2014
2022
2088
1646
1637
2088
1637
2036
2026
2027
2059
2026
2059
2053
2025
2026
2053
2025
2053
2048
2024
2025
2048
2024
2048
2042
2023
2024
2042
2023
2042
2036
1637
1619
2023
1637
2023
2036
1607
1999
2007
1607
2007
1615
2002
2003
2011
2002
2011
2010
2001
2002
2010
2001
2010
2009
2000
2001
2009
2000
2009
2008
1999
2000
2008
1999
2008
2007
2075
2070
2029
2075
2029
2030
2014
2013
2005
2014
2005
2006
2065
2059
2027
2065
2027
2028
2070
2065
2028
2070
2028
2029
2012
2011
2003
2012
2003
2004
2013
2012
2004
2013
2004
2005
5
7
1499
5
1499
1486
1486
1499
1500
1486
1500
1487
1487
1500
1501
1487
1501
1488
1488
1501
1502
1488
1502
1489
1489
1502
1503
1489
1503
1490
1490
1503
1504
1490
1504
1491
1491
1504
1505
1491
1505
1492
1492
1505
1506
1492
1506
1493
1493
1506
1507
1493
1507
1494
1494
1507
1508
1494
1508
1495
1495
1508
1509
1495
1509
1496
1496
1509
1510
1496
1510
1497
1497
1510
1511
1497
1511
1498
1498
1511
8
1498
8
6
3
1474
1463
3
1463
1
1485
4
2
1485
2
1473
1484
1485
1473
1483
1484
1473
1483
1473
1472
1482
1483
1472
1482
1472
1471
1481
1482
1471
1481
1471
1470
1480
1481
1470
1480
1470
1469
1479
1480
1469
1479
1469
1468
1478
1479
1468
1478
1468
1467
1477
1478
1467
1477
1467
1466
1476
1477
1466
1476
1466
1465
1475
1476
1465
1475
1465
1464
1474
1475
1464
1474
1464
1463
10
1523
1536
10
1536
12
1512
9
11
1512
11
1524
1513
1512
1524
1513
1524
1525
1514
1513
1525
1514
1525
1526
1515
1514
1526
1515
1526
1527
1516
1515
1527
1516
1527
1528
1517
1516
1528
1517
1528
1529
1518
1517
1529
1518
1529
1530
1518
1530
1531
1519
1518
1531
1519
1531
1532
1520
1519
1532
1520
1532
1533
1521
1520
1533
1521
1533
1534
1522
1521
1534
1522
1534
1535
1523
1522
1535
1523
1535
1536
5
1486
1474
5
1474
3
8
1511
1523
8
1523
10
1499
7
9
1500
1499
9
1500
9
1512
1501
1500
1512
1501
1512
1513
1502
1501
1513
1502
1513
1514
1503
1502
1514
1503
1514
1515
1504
1503
1515
1504
1515
1516
1505
1504
1516
1505
1516
1517
1506
1505
1517
1506
1517
1518
1507
1506
1518
1507
1518
1519
1508
1507
1519
1508
1519
1520
1509
1508
1520
1509
1520
1521
1510
1509
1521
1510
1521
1522
1511
1510
1522
1511
1522
1523
1498
6
4
1498
4
1485
1497
1498
1485
1497
1485
1484
1496
1497
1484
1496
1484
1483
1495
1496
1483
1494
1495
1483
1494
1483
1482
1493
1494
1482
1493
1482
1481
1492
1493
1481
1492
1481
1480
1491
1492
1480
1491
1480
1479
1490
1491
1479
1490
1479
1478
1489
1490
1478
1489
1478
1477
1488
1489
1477
1488
1477
1476
1487
1488
1476
1487
1476
1475
1486
1487
1475
1486
1475
1474
1533
1648
1534
1530
1529
1542
1530
1542
1543
1531
1530
1543
1531
1543
1544
1532
1531
1544
1532
1544
1545
1546
1547
1648
1648
1533
1532
1648
1532
1546
1532
1545
1546
1540
1559
1550
1566
1567
1558
1566
1558
1557
1565
1566
1557
1565
1557
1556
1564
1565
1556
1564
1556
1555
1563
1564
1555
1563
1555
1554
1562
1563
1554
1562
1554
1553
1561
1562
1553
1561
1553
1552
1560
1561
1552
1560
1552
1551
1559
1560
1551
1559
1551
1550
1548
1547
1556
1548
1556
1557
1541
1540
1550
1542
1541
1550
1542
1550
1551
1543
1542
1551
1543
1551
1552
1544
1543
1552
1544
1552
1553
1545
1544
1553
1545
1553
1554
1546
1545
1554
1546
1554
1555
1547
1546
1555
1547
1555
1556
1529
1528
1541
1529
1541
1542
1524
11
13
1524
13
1537
1525
1524
1537
1525
1537
1538
1526
1525
1538
1526
1538
1539
1527
1526
1539
1527
1539
1540
1528
1527
1540
1528
1540
1541
1567
1579
1580
1567
1580
1608
1538
1537
2212
1538
2212
1568
1539
1538
1568
1539
1568
1569
1540
1539
1569
1540
1569
1570
1559
1540
1570
1559
1570
1571
1560
1559
1571
1560
1571
1572
1561
1560
1572
1561
1572
1573
1562
1561
1573
1562
1573
1574
1563
1562
1574
1563
1574
1575
1564
1563
1575
1564
1575
1576
1565
1564
1576
1565
1576
1577
1566
1565
1577
1566
1577
1578
1567
1566
1578
1567
1578
1579
1580
1999
1607
1580
1607
1608
1592
1580
1579
1591
1592
1579
1591
1579
1578
69
1581
2212
69
2212
14
1590
1591
1578
1590
1578
1577
1590
1577
1576
1589
1590
1576
1589
1576
1575
1588
1589
1575
1588
1575
1574
1587
1588
1574
1587
1574
1573
1586
1587
1573
1586
1573
1572
1585
1586
1572
1585
1572
1571
1584
1585
1571
1584
1571
1570
1583
1584
1570
1583
1570
1569
1582
1583
1569
1582
1569
1568
1581
1582
1568
1581
1568
2212
26
29
1678
26
1678
1653
1653
1678
1679
1653
1679
1654
1654
1679
1680
1654
1680
1655
1655
1680
1681
1655
1681
1656
1656
1681
1682
1656
1682
1657
1657
1682
1683
1657
1683
1658
1658
1683
1684
1658
1684
1659
1659
1684
1685
1659
1685
1660
1660
1685
1686
1660
1686
1661
1661
1686
1687
1661
1687
1662
1662
1687
1688
1662
1688
1663
1663
1688
1689
1663
1689
1664
1664
1689
1690
1664
1690
1665
1665
1690
1691
1665
1691
1666
1666
1691
1692
1666
1692
1667
1667
1692
1693
1667
1693
1668
1668
1693
1694
1668
1694
1669
1669
1694
1695
1669
1695
1670
1670
1695
30
1670
30
27
31
33
1715
31
1715
1696
1696
1715
1716
1696
1716
1697
1697
1716
1717
1697
1717
1698
1698
1717
1718
1698
1718
1699
1699
1718
1719
1699
1719
1700
1700
1719
1720
1700
1720
1701
1701
1720
1721
1701
1721
1702
1702
1721
1722
1702
1722
1703
1703
1722
1723
1703
1723
1704
1704
1723
1724
1704
1724
1705
1705
1724
1725
1705
1725
1706
1706
1725
1726
1706
1726
1707
1707
1726
1727
1707
1727
1708
1708
1727
1728
1708
1728
1709
1709
1728
1729
1709
1729
1710
1710
1729
1730
1710
1730
1711
35
37
1752
35
1752
1734
1734
1752
1753
1734
1753
1735
1735
1753
1754
1735
1754
1736
1736
1754
1755
1736
1755
1737
1737
1755
1756
1737
1756
1738
1738
1756
1757
1738
1757
1739
1739
1757
1758
1739
1758
1740
1740
1758
1759
1740
1759
1741
1741
1759
1760
1741
1760
1742
1742
1760
1761
1742
1761
1743
1743
1761
1762
1743
1762
1744
1744
1762
1763
1744
1763
1745
1745
1763
1764
1745
1764
1746
1746
1764
1765
1746
1765
1747
1747
1765
1766
1747
1766
1748
1592
1605
1606
1581
69
15
1581
15
1593
1582
1581
1593
1582
1593
1594
1583
1582
1594
1583
1594
1595
1584
1583
1595
1584
1595
1596
1585
1584
1596
1585
1596
1597
1586
1585
1597
1586
1597
1598
1586
1598
1599
1587
1586
1599
1587
1599
1600
1588
1587
1600
1588
1600
1601
1589
1588
1601
1589
1601
1602
1590
1589
1602
1590
1602
1603
1591
1590
1603
1591
1603
1604
1592
1591
1604
1592
1604
1605
1592
2001
2000
1592
2000
1999
1592
1999
1580
1592
1606
2003
1592
2003
2002
1592
2002
2001
24
2088
2085
24
2085
70
2075
2030
1675
2075
1675
1676
2081
2075
1676
2081
1676
1677
24
1646
2088
2081
1677
28
2081
28
70
2085
2081
70
2030
2022
1674
2030
1674
1675
2006
1671
1672
2014
2006
1672
2014
1672
1673
2022
2014
1673
2022
1673
1674
2004
2003
1606
2005
2004
1606
2005
1606
1605
1605
1604
1671
2005
1605
1671
26
1593
15
1670
27
28
1670
28
1677
1669
1670
1677
1669
1677
1676
1668
1669
1676
1668
1676
1675
1667
1668
1675
1667
1675
1674
1666
1667
1674
1666
1674
1673
1665
1666
1673
1665
1673
1672
1664
1665
1672
1664
1672
1671
1663
1664
1671
1662
1663
1671
1662
1671
1604
1661
1662
1604
1661
1604
1603
1660
1661
1603
1660
1603
1602
1659
1660
1602
1659
1602
1601
1658
1659
1601
1658
1601
1600
1657
1658
1600
1657
1600
1599
1656
1657
1599
1656
1599
1598
1655
1656
1598
1654
1655
1598
1654
1598
1597
1653
1654
1597
1653
1597
1596
1653
1596
1595
26
1653
1595
26
1595
1594
26
1594
1593
29
31
1696
29
1696
1678
1678
1696
1697
1678
1697
1679
1679
1697
1698
1679
1698
1680
1680
1698
1699
1680
1699
1681
1681
1699
1700
1681
1700
1682
1682
1700
1701
1682
1701
1683
1683
1701
1702
1683
1702
1684
1684
1702
1703
1684
1703
1685
1685
1703
1704
1685
1704
1686
1686
1704
1705
1686
1705
1687
1687
1705
1706
1687
1706
1688
1688
1706
1707
1688
1707
1689
1689
1707
1708
1689
1708
1690
1690
1708
1709
1690
1709
1691
1691
1709
1710
1691
1710
1692
1692
1710
1711
1692
1711
1693
1693
1711
1712
1693
1712
1694
1712
1713
1694
33
35
1734
33
1734
1715
1715
1734
1735
1715
1735
1716
1716
1735
1736
1716
1736
1717
1717
1736
1737
1717
1737
1718
1718
1737
1738
1718
1738
1719
1719
1738
1739
1719
1739
1720
1720
1739
1740
1720
1740
1721
1721
1740
1741
1721
1741
1722
1722
1741
1742
1722
1742
1723
1723
1742
1743
1723
1743
1724
1724
1743
1744
1724
1744
1725
1725
1744
1745
1725
1745
1726
1726
1745
1746
1726
1746
1727
1727
1746
1747
1727
1747
1728
1728
1747
1748
1728
1748
1729
1729
1748
1749
1729
1749
1730
1647
1547
1548
1641
1632
1633
2006
2005
1671
37
39
1770
37
1770
1752
1752
1770
1771
1752
1771
1753
1753
1771
1772
1753
1772
1754
1754
1772
1773
1754
1773
1755
1755
1773
1774
1755
1774
1756
1756
1774
1775
1756
1775
1757
1757
1775
1776
1757
1776
1758
1758
1776
1777
1758
1777
1759
1759
1777
1778
1759
1778
1760
1760
1778
1779
1760
1779
1761
1761
1779
1780
1761
1780
1762
1762
1780
1781
1762
1781
1763
1763
1781
1782
1763
1782
1764
1764
1782
1783
1764
1783
1765
1765
1783
1784
1765
1784
1766
39
40
1786
39
1786
1770
1770
1786
1787
1770
1787
1771
1771
1787
1788
1771
1788
1772
1772
1788
1789
1772
1789
1773
1773
1789
1790
1773
1790
1774
1774
1790
1791
1774
1791
1775
1775
1791
1792
1775
1792
1776
1776
1792
1793
1776
1793
1777
1777
1793
1794
1777
1794
1778
1778
1794
1795
1778
1795
1779
1779
1795
1796
1779
1796
1780
1780
1796
1797
1780
1797
1781
1781
1797
1798
1781
1798
1782
1782
1798
1799
1782
1799
1783
1783
1799
1800
1783
1800
1784
1784
1800
1801
1784
1801
1785
1749
1748
1766
1749
1766
1921
1766
1784
1785
1766
1785
1910
1766
1910
1767
1766
1767
1921
40
41
1802
40
1802
1786
1786
1802
1803
1786
1803
1787
1787
1803
1804
1787
1804
1788
1788
1804
1805
1788
1805
1789
1789
1805
1806
1789
1806
1790
1790
1806
1807
1790
1807
1791
1791
1807
1808
1791
1808
1792
1792
1808
1809
1792
1809
1793
1793
1809
1810
1793
1810
1794
1794
1810
1811
1794
1811
1795
1795
1811
1812
1795
1812
1796
1796
1812
1813
1796
1813
1797
1797
1813
1814
1797
1814
1798
1798
1814
1815
1798
1815
1799
1799
1815
2213
1799
2213
1800
1800
2213
1816
1800
1816
1801
41
42
1817
41
1817
1802
1802
1817
1818
1802
1818
1803
1803
1818
1819
1803
1819
1804
1804
1819
1820
1804
1820
1805
1805
1820
1821
1805
1821
1806
1806
1821
1822
1806
1822
1807
1807
1822
1823
1807
1823
1808
1808
1823
1824
1808
1824
1809
1809
1824
1825
1809
1825
1810
1810
1825
1826
1810
1826
1811
1811
1826
1827
1811
1827
1812
1812
1827
1828
1812
1828
1813
1813
1828
1829
1813
1829
1814
1814
1829
1830
1814
1830
1815
1815
1830
1831
1815
1831
2213
42
43
1833
42
1833
1817
1817
1833
1834
1817
1834
1818
1818
1834
1835
1818
1835
1819
1819
1835
1836
1819
1836
1820
1820
1836
1837
1820
1837
1821
1821
1837
1838
1821
1838
1822
1822
1838
1839
1822
1839
1823
1823
1839
1840
1823
1840
1824
1824
1840
1841
1824
1841
1825
1825
1841
1842
1825
1842
1826
1826
1842
1843
1826
1843
1827
1827
1843
1844
1827
1844
1828
1828
1844
1845
1828
1845
1829
1829
1845
1846
1829
1846
1830
1830
1846
1847
1830
1847
1831
1831
1847
1848
1831
1848
1832
44
45
1863
44
1863
1849
1849
1863
1864
1849
1864
1850
1850
1864
1865
1850
1865
1851
1851
1865
1866
1851
1866
1852
1852
1866
1867
1852
1867
1853
1853
1867
1868
1853
1868
1854
1854
1868
1869
1854
1869
1855
1855
1869
1870
1855
1870
1856
1856
1870
1871
1856
1871
1857
1857
1871
1872
1857
1872
1858
1858
1872
1873
1858
1873
1859
1859
1873
1874
1859
1874
1860
1860
1874
1875
1860
1875
1861
1861
1875
1876
1861
1876
1862
45
521
1877
45
1877
1863
1863
1877
1878
1863
1878
1864
1864
1878
1879
1864
1879
1865
1865
1879
1880
1865
1880
1866
1866
1880
1881
1866
1881
1867
1867
1881
1882
1867
1882
1868
1868
1882
1883
1868
1883
1869
1869
1883
1884
1869
1884
1870
1870
1884
1885
1870
1885
1871
1871
1885
1886
1871
1886
1872
1872
1886
1887
1872
1887
1873
1873
1887
1888
1873
1888
1874
1874
1888
1889
1874
1889
1875
1875
1889
1890
1875
1890
1876
521
536
1891
521
1891
1877
1877
1891
1892
1877
1892
1878
1878
1892
1893
1878
1893
1879
1879
1893
1894
1879
1894
1880
1880
1894
1895
1880
1895
1881
1881
1895
1896
1881
1896
1882
1882
1896
1897
1882
1897
1883
1883
1897
1898
1883
1898
1884
1884
1898
1899
1884
1899
1885
1885
1899
1900
1885
1900
1886
1886
1900
1901
1886
1901
1887
1860
1861
1847
1860
1847
1846
1859
1860
1846
1859
1846
1845
1858
1859
1845
1858
1845
1844
1857
1858
1844
1857
1844
1843
1856
1857
1843
1856
1843
1842
1855
1856
1842
1855
1842
1841
1854
1855
1841
1854
1841
1840
1853
1854
1840
1853
1840
1839
1852
1853
1839
1852
1839
1838
1851
1852
1838
1851
1838
1837
1850
1851
1837
1850
1837
1836
1849
1850
1836
1849
1836
1835
2158
1831
1832
1904
1816
2213
1904
2213
1831
2158
1911
1904
2158
1904
1831
2082
2083
2209
2082
2209
2207
1537
13
14
1537
14
2212
1848
1847
2162
1862
1876
2164
1862
2164
2163
1847
1861
1862
1847
1862
2162
1876
1890
2166
1876
2166
2165
1876
2165
2164
2186
1956
1941
2186
1941
2185
1941
2157
2185
2189
2199
2192
2189
2192
2188
2214
2215
2216
2214
2216
2217
2218
2219
2220
2218
2220
2221
2222
2223
2219
2222
2219
2218
2224
2214
2217
2225
2226
2224
2227
2226
2225
2228
2229
2230
2228
2230
2231
2232
2233
2229
2232
2229
2228
2234
2235
2233
2234
2233
2232
2232
2236
2237
2232
2237
2234
2228
2238
2236
2228
2236
2232
2231
2239
2238
2231
2238
2228
2240
2229
2233
2240
2233
2241
2242
2230
2229
2242
2229
2240
2243
2244
2245
2243
2245
2242
2246
2238
2239
2246
2239
2247
2236
2238
2246
2236
2246
2248
2248
2237
2236
2230
2242
2249
2245
2244
2222
2245
2222
2218
2220
2250
2251
2220
2251
2221
2251
2250
2215
2251
2215
2214
2252
2225
2224
2252
2224
2253
2254
2227
2225
2254
2225
2252
2255
2247
2227
2255
2227
2254
2256
2237
2248
2256
2248
2257
2258
2246
2247
2258
2247
2255
2257
2248
2246
2257
2246
2258
2259
2254
2252
2259
2252
2260
2254
2259
2261
2254
2261
2255
2261
2262
2258
2261
2258
2255
2263
2257
2258
2263
2258
2262
2264
2256
2257
2264
2257
2263
2265
2266
2256
2265
2256
2264
2267
2260
2252
2267
2252
2253
2253
2268
2269
2253
2269
2267
2221
2249
2245
2221
2245
2218
2231
2230
2249
2231
2249
2270
2221
2251
2270
2221
2270
2249
2214
2271
2270
2214
2270
2251
2239
2231
2270
2239
2270
2271
2247
2239
2271
2247
2271
2227
2227
2271
2226
2226
2271
2214
2226
2214
2224
2217
2253
2224
2253
2217
2216
2253
2216
2268
2272
2273
2244
2272
2244
2243
2273
2274
2222
2273
2222
2244
2240
2275
2243
2240
2243
2242
2235
2276
2241
2235
2241
2233
2277
2278
2241
2277
2241
2276
2275
2240
2241
2275
2241
2278
2279
2280
2278
2279
2278
2277
2281
2275
2278
2281
2278
2280
2272
2243
2275
2272
2275
2281
2282
2259
2260
2267
2282
2260
2282
2283
2284
2282
2284
2259
2283
2274
2273
2283
2273
2284
2285
2286
2283
2285
2283
2282
2287
2274
2283
2287
2283
2286
2284
2288
2261
2284
2261
2259
2273
2272
2288
2273
2288
2284
2288
2289
2262
2288
2262
2261
2272
2281
2289
2272
2289
2288
2269
2285
2282
2269
2282
2267
2263
2262
2289
2263
2289
2264
2280
2289
2281
2289
2265
2264
2265
2289
2280
2265
2280
2279
2266
2265
2279
2266
2279
2277
2266
2234
2237
2266
2237
2256
2242
2245
2249
2277
2276
2235
2277
2235
2234
2277
2234
2266
2274
2287
2223
2274
2223
2222
2170
2169
2220
2170
2220
2219
2179
2206
2268
2179
2268
2216
2176
2179
2216
2176
2216
2215
2169
2176
2215
2169
2215
2250
2169
2250
2220
2219
2223
2182
2219
2182
2170
2269
2268
2206
2269
2206
2203
2285
2269
2203
2285
2203
2198
2286
2285
2198
2286
2198
2199
2287
2286
2199
2287
2199
2189
2223
2287
2189
2223
2189
2182
1991
1890
1889
1991
1889
1995
1888
1887
1901
1888
1901
1996
1889
1888
1996
1889
1996
1995
1901
1900
1992
1896
1895
1998
1896
1998
1997
1897
1896
1997
1897
1997
1985
1898
1897
1985
1898
1985
1984
1899
1898
1984
1899
1984
1986
1900
1899
1986
1900
1986
1992
64
1998
1895
64
1895
65
1891
536
68
1892
1891
68
1893
1892
68
1893
68
67
1894
1893
67
1894
67
66
1895
1894
66
1895
66
65
2290
2298
2299
2290
2299
2291
2291
2299
2292
2292
2299
2300
2292
2300
2293
2293
2300
2301
2293
2301
2294
2294
2301
2302
2294
2302
2295
2295
2302
2296
2296
2302
2303
2296
2303
2297
2298
2304
2299
2304
2305
2299
2299
2305
2300
2305
2306
2300
2306
2307
2300
2300
2307
2301
2307
2308
2301
2301
2308
2302
2308
2309
2302
2302
2309
2303
2309
2310
2303
2304
2311
2312
2304
2312
2305
2305
2312
2313
2305
2313
2306
2306
2313
2314
2306
2314
2307
2307
2314
2315
2307
2315
2308
2308
2315
2316
2308
2316
2309
2309
2316
2317
2309
2317
2310
2311
2318
2319
2311
2319
2312
2312
2319
2320
2312
2320
2313
2313
2320
2314
2314
2320
2321
2314
2321
2315
2315
2321
2322
2315
2322
2316
2316
2322
2323
2316
2323
2317
2318
2324
2325
2318
2325
2319
2319
2325
2326
2319
2326
2320
2320
2326
2327
2320
2327
2321
2321
2327
2328
2321
2328
2322
2322
2328
2329
2322
2329
2323
2324
2330
2331
2324
2331
2325
2325
2331
2332
2325
2332
2326
2326
2332
2333
2326
2333
2327
2327
2333
2334
2327
2334
2328
2328
2334
2335
2328
2335
2329
2330
2336
2337
2330
2337
2331
2331
2337
2338
2331
2338
2332
2332
2338
2339
2332
2339
2333
2333
2339
2340
2333
2340
2334
2334
2340
2341
2334
2341
2335
2336
2342
2343
2336
2343
2337
2337
2343
2344
2337
2344
2338
2338
2344
2345
2338
2345
2339
2339
2345
2346
2339
2346
2340
2340
2346
2347
2340
2347
2341
2342
2348
2349
2342
2349
2343
2343
2349
2350
2343
2350
2344
2344
2350
2351
2344
2351
2345
2345
2351
2352
2345
2352
2346
2346
2352
2353
2346
2353
2347
2348
2354
2349
2354
2355
2349
2349
2355
2350
2355
2356
2350
2356
2357
2350
2350
2357
2351
2357
2358
2351
2351
2358
2352
2358
2359
2352
2352
2359
2353
2359
2360
2353
2361
2363
2364
2361
2364
2362
2362
2364
2365
2362
2365
936
936
2365
2366
936
2366
937
937
2366
2367
937
2367
938
938
2367
2368
938
2368
939
939
2368
2369
939
2369
940
940
2369
2370
940
2370
71
2363
2371
2372
2363
2372
2364
2364
2372
2373
2364
2373
2365
2365
2373
2374
2365
2374
2366
2366
2374
2375
2366
2375
2367
2367
2375
2376
2367
2376
2368
2368
2376
2377
2368
2377
2369
2369
2377
2378
2369
2378
2370
2371
2379
2380
2371
2380
2372
2372
2380
2381
2372
2381
2373
2373
2381
2382
2373
2382
2374
2374
2382
2383
2374
2383
2375
2375
2383
2384
2375
2384
2376
2376
2384
2385
2376
2385
2377
2377
2385
2378
2379
2386
2387
2379
2387
2380
2380
2387
2388
2380
2388
2381
2381
2388
2389
2381
2389
2382
2382
2389
2390
2382
2390
2383
2383
2390
2391
2383
2391
2384
2384
2391
2392
2384
2392
2385
2386
2393
2394
2386
2394
2387
2387
2394
2395
2387
2395
2388
2388
2395
2396
2388
2396
2389
2389
2396
2397
2389
2397
2390
2390
2397
2398
2390
2398
2391
2391
2398
2399
2391
2399
2392
2393
2400
2401
2393
2401
2394
2394
2401
968
2394
968
2395
2395
968
969
2395
969
2396
2396
969
970
2396
970
2397
2397
970
45
2397
45
2398
2398
45
971
2398
971
2399
2400
2402
2403
2400
2403
2401
2401
2403
963
2401
963
968
2402
2404
2405
2402
2405
2403
2403
2405
958
2403
958
963
2404
2406
2407
2404
2407
2405
2405
2407
953
2405
953
958
2406
2408
2409
2406
2409
2407
2407
2409
947
2407
947
953
2408
2410
2411
2408
2411
2409
2409
2411
941
2409
941
947
2410
2361
2362
2410
2362
2411
2411
2362
936
2411
936
941
2393
2386
2298
2393
2298
2290
2371
2330
2324
2371
2324
2318
2371
2318
2311
2379
2371
2311
2379
2311
2304
2386
2304
2298
2363
2361
2330
2404
2354
2348
2406
2404
2348
2408
2406
2348
2408
2348
2342
2408
2342
2336
2410
2408
2336
2361
2336
2330
2354
2402
2400
2354
2404
2402
2393
2290
2412
2412
2354
2400
2290
2292
2293
2356
2355
2295
2412
2290
2293
2412
2293
2294
2412
2294
2295
2354
2412
2295
2355
2354
2295
2358
2303
2359
2358
2357
2356
2356
2295
2296
2356
2296
2297
2356
2297
2303
2358
2356
2303
2303
2310
2359
2310
2317
2359
2329
2341
2323
2360
2359
2317
2360
2317
2323
2353
2360
2323
2347
2353
2323
2341
2347
2323
2329
2335
2341
2386
2379
2304
2371
2363
2330
2361
2410
2336
2412
2400
2393
2385
1834
2378
1833
43
71
1833
71
2370
1833
2370
2378
1834
1833
2378
2385
1849
1834
1849
1835
1834
1946
2414
2413
1946
2413
1945
1947
2415
2414
1947
2414
1946
1948
2416
2415
1948
2415
1947
1949
2417
2416
1949
2416
1948
1962
2418
2417
1962
2417
1949
1963
2419
2418
1963
2418
1962
1964
2420
2419
1964
2419
1963
1945
2413
2420
1945
2420
1964
1952
2422
2421
1952
2421
1951
1953
2423
2422
1953
2422
1952
1954
2424
2423
1954
2423
1953
1955
2425
2424
1955
2424
1954
1957
2426
2425
1957
2425
1955
1959
2427
2426
1959
2426
1957
1960
2428
2427
1960
2427
1959
1961
2429
2428
1961
2428
1960
1951
2421
2429
1951
2429
1961
2420
2430
2431
2420
2431
2419
2419
2431
2432
2419
2432
2418
2418
2432
2433
2418
2433
2417
2417
2433
2434
2417
2434
2416
2416
2434
2435
2416
2435
2415
2415
2435
2436
2415
2436
2414
2414
2436
2437
2414
2437
2413
2413
2437
2430
2413
2430
2420
2421
2438
2439
2421
2439
2429
2429
2439
2440
2429
2440
2428
2428
2440
2441
2428
2441
2427
2427
2441
2442
2427
2442
2426
2426
2442
2443
2426
2443
2425
2425
2443
2444
2425
2444
2424
2424
2444
2445
2424
2445
2423
2423
2445
2446
2423
2446
2422
2422
2446
2438
2422
2438
2421
2447
2437
2436
2447
2436
2435
2447
2435
2434
2447
2434
2433
2447
2433
2432
2447
2432
2431
2447
2431
2430
2447
2430
2437
2448
2438
2446
2448
2446
2445
2448
2445
2444
2448
2444
2443
2448
2443
2442
2448
2442
2441
2448
2441
2440
2448
2440
2439
2448
2439
2438
2454
2453
2452
2454
2452
2451
2454
2451
2450
2454
2450
2449
2451
2452
2456
2451
2456
2455
2453
2457
2456
2453
2456
2452
2458
2457
2453
2459
2458
2453
2459
2453
2454
2460
2459
2454
2460
2454
2449
2461
2460
2449
2450
2451
2455
2450
2455
2462
2464
2459
2460
2464
2460
2463
2462
2466
2465
2462
2465
2461
2455
2456
2467
2459
2464
2469
2459
2469
2458
2469
2470
2457
2469
2457
2458
2472
2471
2469
2472
2469
2464
2471
2473
2470
2471
2470
2469
2473
2474
2470
2474
2468
2470
2466
2467
2476
2466
2476
2475
2467
2477
2476
2468
2477
2467
2466
2479
2478
2466
2478
2465
2480
2463
2465
2480
2465
2478
2480
2478
2482
2480
2482
2481
2478
2479
2483
2478
2483
2482
2479
2475
2484
2479
2484
2483
2475
2476
2485
2475
2485
2484
2476
2477
2486
2476
2486
2485
2477
2468
2487
2477
2487
2486
2468
2488
2487
2474
2489
2488
2474
2488
2468
2473
2490
2489
2473
2489
2474
2491
2490
2473
2491
2473
2471
2492
2491
2471
2492
2471
2472
2492
2472
2463
2494
2493
2487
2488
2495
2494
2488
2494
2487
2489
2496
2495
2489
2495
2488
2490
2497
2496
2490
2496
2489
2498
2497
2490
2498
2490
2491
2499
2498
2491
2499
2491
2492
2500
2499
2492
2500
2492
2463
2486
2502
2501
2486
2501
2485
2484
2485
2501
2484
2501
2503
2483
2484
2503
2483
2503
2504
2505
2482
2483
2505
2483
2504
2506
2481
2482
2506
2482
2505
2463
2481
2506
2463
2506
2507
2500
2463
2507
2509
2506
2505
2509
2505
2508
2505
2504
2510
2505
2510
2508
2504
2503
2511
2504
2511
2510
2503
2501
2512
2503
2512
2511
2501
2502
2513
2501
2513
2512
2502
2493
2514
2502
2514
2513
2494
2515
2514
2494
2514
2493
2495
2515
2494
2500
2507
2516
2511
2518
2517
2511
2517
2510
2511
2512
2519
2511
2519
2518
2512
2513
2520
2512
2520
2519
2513
2514
2521
2513
2521
2520
2514
2515
2522
2514
2522
2521
2495
2523
2522
2495
2522
2515
2496
2524
2523
2496
2523
2495
2497
2525
2524
2497
2524
2496
2526
2525
2497
2526
2497
2498
2527
2526
2498
2528
2527
2498
2528
2498
2499
2529
2528
2499
2529
2499
2500
2530
2529
2500
2530
2500
2516
2530
2516
2509
2530
2509
2531
2531
2509
2532
2534
2509
2508
2534
2508
2533
2532
2509
2534
2519
2520
73
2519
73
72
2520
2521
2535
2520
2535
73
2521
2522
2536
2521
2536
2535
2522
2523
2537
2522
2537
2536
2538
2537
2523
2524
2538
2523
2540
2539
2528
2540
2528
2529
2541
2540
2529
2542
2541
2529
2542
2529
2530
2543
2542
2530
2543
2530
2531
2543
2531
2532
2543
2532
2544
2544
2532
2534
2544
2534
2545
2517
2518
74
2517
74
2546
2533
2517
2546
2533
2546
2547
2533
2547
2548
2549
2534
2533
2549
2533
2548
2545
2534
2549
2525
2550
2538
2525
2538
2524
2526
2551
2550
2526
2550
2525
2527
2552
2551
2527
2551
2526
2528
2553
2552
2528
2552
2527
2539
2553
2528
2535
2536
2554
2535
2554
75
2554
76
75
2554
2555
77
2554
77
76
2556
2555
2554
2556
2554
2536
2537
2557
2556
2537
2556
2536
2538
2558
2557
2538
2557
2537
2550
2559
2558
2550
2558
2538
2551
2560
2559
2551
2559
2550
2561
2560
2551
2552
2562
2561
2552
2561
2551
2563
2562
2552
2563
2552
2553
2564
2563
2553
2564
2553
2539
2565
2564
2539
2565
2539
2540
2566
2565
2540
2566
2540
2541
2567
2566
2541
2567
2541
2542
2567
2542
2543
2567
2543
2568
2568
2543
2544
2568
2544
2569
2555
2570
78
2555
78
77
2556
2571
2570
2556
2570
2555
2557
2572
2571
2557
2571
2556
2558
2573
2572
2558
2572
2557
2559
2574
2573
2559
2573
2558
2560
2575
2574
2560
2574
2559
2561
2576
2575
2561
2575
2560
2580
2579
2578
2580
2578
2577
2581
2583
2582
2585
2584
2582
2585
2582
2583
2587
2586
2584
2587
2584
2585
78
2570
2577
78
2577
79
2571
2580
2577
2571
2577
2570
2571
2572
2581
2571
2581
2580
2573
2583
2581
2573
2581
2572
2574
2585
2583
2574
2583
2573
2575
2587
2585
2575
2585
2574
2576
2588
2587
2576
2587
2575
2592
2591
2590
2592
2590
2589
2590
2593
81
2590
81
80
2591
2594
2593
2591
2593
2590
2578
2589
83
2578
83
82
2579
2592
2589
2579
2589
2578
2582
2595
2592
2582
2592
2579
2595
2596
2591
2595
2591
2592
2596
2597
2594
2596
2594
2591
2594
2598
2593
2593
2598
84
2593
84
81
2597
2598
2594
2599
85
84
2599
84
2598
2599
2600
86
2599
86
85
2600
2601
87
2600
87
86
2603
2602
2601
2603
2601
2600
2604
2603
2600
2604
2600
2599
2609
2608
2607
2609
2607
2606
2609
2606
2605
2606
2604
2611
2606
2611
2610
2607
2603
2604
2607
2604
2606
2607
2612
2602
2607
2602
2603
2613
2612
2607
2613
2607
2608
2606
2610
2614
2606
2614
2605
2605
2614
2615
2605
2615
2586
2586
2615
2616
2586
2616
2584
2584
2616
2595
2584
2595
2582
2610
2611
2617
2614
2610
2617
2614
2617
2618
2616
2615
2620
2616
2620
2619
2595
2616
2619
2596
2595
2619
2620
2597
2596
2620
2596
2619
2618
2597
2620
2618
2617
2598
2618
2598
2597
2622
2613
2608
2622
2608
2621
2622
2621
2623
2624
2622
2623
2626
2609
2625
2625
2609
2605
2625
2605
2586
2627
2625
2586
2627
2586
2587
2588
2627
2587
2628
2627
2588
2629
2626
2625
2629
2625
2627
2623
2621
2626
2623
2626
2629
2627
2628
2629
2628
2624
2623
2628
2623
2629
2630
2628
2588
2630
2588
2576
2631
2628
2630
2631
2624
2628
2631
2632
2624
2633
2630
2576
2634
2631
2630
2634
2630
2633
2635
2632
2631
2635
2631
2634
2637
2636
2613
2637
2613
2622
2636
2638
2612
2636
2612
2613
2635
2639
2637
2635
2637
2632
2639
2640
2636
2639
2636
2637
2640
2641
2638
2640
2638
2636
2642
2633
2576
2642
2576
2561
2643
2634
2633
2643
2633
2642
2644
2635
2634
2645
2644
2634
2645
2634
2643
2612
2638
2646
2612
2646
2602
2601
88
87
2602
2646
88
2602
88
2601
2646
2647
89
2646
89
88
2638
2641
2647
2638
2647
2646
90
89
2647
2641
2648
90
2641
90
2647
2648
91
90
2640
2649
2648
2640
2648
2641
2651
93
92
2651
92
2650
2639
2652
2649
2639
2649
2640
2635
2653
2652
2635
2652
2639
2650
92
94
2649
95
91
2649
91
2648
2650
94
95
2650
95
2649
2650
2649
2652
2653
2650
2652
2653
2635
2644
2654
2653
2644
2654
2644
2645
2654
2651
2650
2654
2650
2653
2655
96
93
2655
93
2651
2656
2655
2651
2656
2651
2654
2658
2655
2656
2658
2656
2657
2658
97
96
2658
96
2655
2656
2654
2645
2656
2645
2659
2657
2656
2659
2657
2659
2660
2662
2643
2642
2662
2642
2661
2662
2659
2645
2662
2645
2643
2663
2661
2562
2663
2562
2563
2664
2662
2661
2664
2661
2663
2660
2659
2662
2660
2662
2664
2665
2663
2563
2665
2563
2564
2666
2664
2663
2666
2663
2665
2667
2660
2664
2667
2664
2666
2670
2669
2667
2670
2667
2668
2671
98
97
2671
97
2658
2672
2671
2658
2672
2658
2657
2672
2657
2669
2670
2673
2672
2670
2672
2669
2657
2660
2667
2657
2667
2669
2675
2666
2665
2675
2665
2674
2673
2670
2676
2670
2668
2677
2670
2677
2676
2676
2677
2679
2676
2679
2678
2667
2666
2668
2668
2666
2675
2668
2675
2677
2677
2675
2680
2677
2680
2679
2675
2674
2681
2675
2681
2680
2674
2565
2566
2674
2566
2681
2681
2566
2567
2681
2567
2682
2682
2567
2568
2682
2568
2683
2683
2568
2569
2683
2569
2684
2686
2682
2683
2686
2683
2685
2680
2681
2682
2680
2682
2686
2679
2680
2686
2679
2686
2687
2678
2679
2687
2678
2687
2688
2687
2686
2685
2687
2685
2689
2688
2687
2689
2688
2689
2690
2518
2519
72
2518
72
74
2535
75
73
2577
2578
82
2577
82
79
2589
2590
80
2589
80
83
2692
100
99
2692
99
2691
2694
2692
2691
2694
2691
2693
2696
2694
2693
2696
2693
2695
2691
99
101
2691
101
2697
2693
2691
2697
2693
2697
2698
2695
2693
2698
2695
2698
2699
2701
2695
2699
2701
2699
2700
2702
2696
2695
2702
2695
2701
2704
2701
2700
2704
2700
2703
2705
2702
2701
2705
2701
2704
2707
2704
2703
2707
2703
2706
2708
2705
2704
2708
2704
2707
2710
2707
2706
2710
2706
2709
2711
2708
2707
2711
2707
2710
2713
2710
2709
2713
2709
2712
2713
2714
2711
2713
2711
2710
2716
2713
2712
2716
2712
2715
2716
2717
2714
2716
2714
2713
2546
74
102
2547
2546
102
2547
102
100
2547
100
2692
2547
2692
2694
2547
2694
2696
2696
2702
2718
2719
2718
2702
2719
2702
2705
2720
2719
2705
2720
2705
2708
2721
2720
2708
2721
2708
2711
2722
2721
2711
2722
2711
2714
2723
2722
2714
2723
2714
2717
2725
2723
2717
2725
2717
2724
2724
2717
2716
2724
2716
2726
2726
2716
2715
2726
2715
2727
2729
2725
2724
2729
2724
2728
2728
2724
2726
2728
2726
2730
2730
2726
2727
2730
2727
2731
2733
2729
2728
2733
2728
2732
2732
2728
2730
2732
2730
2734
2735
2734
2730
2735
2730
2731
2734
2735
2736
2732
2734
2736
2733
2732
2736
2547
2696
2718
2548
2547
2718
2548
2718
2719
2548
2719
2737
2737
2719
2720
2737
2720
2738
2739
2738
2720
2739
2720
2721
2741
2740
2737
2741
2737
2738
2742
2548
2737
2742
2737
2740
2743
2741
2738
2743
2738
2739
2744
2739
2721
2744
2721
2722
2745
2743
2739
2745
2739
2744
2746
2744
2722
2746
2722
2723
2747
2745
2744
2747
2744
2746
2748
2746
2723
2748
2723
2725
2749
2747
2746
2749
2746
2748
2751
2749
2748
2751
2748
2750
2753
2751
2750
2753
2750
2752
2750
2748
2725
2750
2725
2729
2752
2750
2729
2752
2729
2733
2755
2747
2749
2755
2749
2754
2751
2756
2754
2751
2754
2749
2756
2751
2753
2756
2753
2757
2755
2758
2745
2755
2745
2747
2759
2743
2745
2759
2745
2758
2760
2741
2743
2760
2743
2759
2761
2740
2741
2761
2741
2760
2742
2740
2761
2742
2761
2762
2753
2736
2757
2757
2764
2763
2757
2763
2756
2756
2763
2765
2756
2765
2754
2754
2765
2766
2754
2766
2755
2755
2766
2767
2755
2767
2758
2758
2767
2768
2758
2768
2759
2759
2768
2769
2759
2769
2760
2736
2764
2757
2761
2760
2769
2761
2769
2770
2771
2762
2761
2771
2761
2770
2767
2773
2772
2767
2772
2768
2766
2774
2773
2766
2773
2767
2765
2775
2774
2765
2774
2766
2768
2772
2776
2768
2776
2769
2770
2769
2776
2770
2776
2777
2771
2770
2777
2771
2777
2778
2780
2771
2778
2780
2778
2779
2782
2780
2779
2782
2779
2781
2765
2763
2783
2765
2783
2775
2764
2784
2783
2764
2783
2763
101
103
2785
101
2785
2697
2697
2785
2786
2697
2786
2698
2698
2786
2787
2698
2787
2699
2699
2787
2788
2699
2788
2700
2700
2788
2789
2700
2789
2703
2715
2791
2790
2715
2790
2727
2712
2792
2791
2712
2791
2715
2709
2793
2792
2709
2792
2712
2794
2706
2703
2794
2703
2789
2781
2796
2795
2781
2795
2782
105
2795
2796
105
2796
104
2796
2785
103
2796
103
104
2781
2786
2785
2781
2785
2796
2779
2787
2786
2779
2786
2781
2778
2788
2787
2778
2787
2779
2777
2789
2788
2777
2788
2778
2793
2709
2706
2793
2706
2794
2776
2794
2789
2776
2789
2777
2772
2793
2794
2772
2794
2776
2773
2792
2793
2773
2793
2772
2774
2791
2792
2774
2792
2773
2790
2797
2731
2790
2731
2727
2731
2797
2798
2731
2798
2735
2736
2735
2798
2774
2775
2790
2774
2790
2791
2775
2783
2797
2775
2797
2790
2798
2797
2783
2798
2783
2784
2736
2798
2784
2799
2795
105
2799
105
106
2799
2800
2802
2799
2802
2795
2803
2780
2782
2803
2782
2795
2802
2803
2795
2805
2804
2803
2805
2803
2802
2806
2805
2802
2806
2802
2800
2801
2807
2806
2801
2806
2800
2762
2771
2780
2803
2804
2762
2803
2762
2780
2805
2809
2808
2805
2808
2804
2806
2810
2809
2806
2809
2805
2807
2811
2810
2807
2810
2806
2809
2813
2812
2809
2812
2808
2814
2813
2809
2814
2809
2810
2811
2815
2814
2811
2814
2810
2816
2742
2762
2808
2816
2762
2808
2762
2804
2808
2812
2817
2808
2817
2816
2812
2819
2818
2812
2818
2817
2813
2820
2819
2813
2819
2812
2814
2821
2820
2814
2820
2813
2819
2823
2822
2819
2822
2818
2820
2824
2823
2820
2823
2819
2821
2825
2824
2821
2824
2820
2829
2828
2827
2829
2827
2826
2827
2830
2823
2827
2823
2824
2828
2830
2827
2831
2822
2823
2830
2832
2831
2830
2831
2823
2828
2833
2832
2828
2832
2830
2829
2834
2833
2829
2833
2828
2836
2835
2834
2836
2834
2829
2837
2835
2836
2838
2827
2824
2838
2824
2825
2826
2827
2838
2839
2821
2814
2839
2814
2815
2840
2825
2821
2840
2821
2839
2841
2838
2825
2841
2825
2840
2826
2838
2841
2836
2829
2826
2850
2826
2841
2850
2841
2849
2836
2826
2850
2848
2837
2836
2848
2836
2850
2848
2850
2847
2849
2846
2847
2849
2847
2850
2845
2846
2849
2845
2849
2851
2849
2841
2840
2849
2840
2851
2853
2807
2801
2853
2801
2852
2854
2811
2807
2854
2807
2853
2842
2843
2853
2842
2853
2852
2843
2854
2853
2855
2851
2840
2855
2840
2839
2839
2815
2855
2855
2815
2811
2855
2811
2854
2843
2855
2854
2843
2844
2855
2844
2845
2851
2844
2851
2855
2549
2548
2742
2883
2549
2856
2884
2883
2856
2549
2742
2856
2545
2549
2883
2545
2883
2884
2865
2864
2835
2865
2835
2837
2876
2886
2885
2876
2885
2875
2886
2887
2885
2864
2863
2834
2864
2834
2835
2875
2874
2863
2875
2863
2864
2875
2885
2888
2875
2888
2874
2857
2856
2742
2857
2742
2889
2858
2857
2889
2858
2889
2859
2817
2742
2816
2818
2742
2817
2889
2742
2818
2889
2818
2822
2831
2889
2822
2884
2856
2857
2860
2859
2889
2860
2889
2831
2860
2831
2832
2860
2832
2861
2861
2832
2833
2861
2833
2862
2833
2834
2863
2833
2863
2862
2873
2862
2863
2873
2863
2874
2872
2861
2862
2872
2862
2873
2872
2871
2860
2872
2860
2861
2871
2870
2859
2871
2859
2860
2873
2874
2888
2890
2872
2873
2890
2873
2888
2891
2884
2857
2891
2857
2858
2869
2858
2859
2869
2859
2870
2892
2871
2872
2892
2872
2890
2893
2870
2871
2893
2871
2892
2894
2869
2870
2894
2870
2893
2894
2893
2895
2895
2893
2892
2895
2892
2896
2896
2892
2890
2896
2890
2897
2897
2890
2888
2897
2888
2898
2898
2888
2885
2898
2885
2887
2894
2895
2899
2899
2895
2896
2899
2896
2900
2900
2896
2897
2900
2897
2901
2901
2897
2898
2901
2898
2902
2898
2887
2902
2877
2899
2900
2877
2900
2878
2878
2900
2901
2878
2901
2879
2879
2901
2902
2879
2902
2880
2880
2902
2887
2880
2887
2881
2881
2887
2886
2881
2886
2882
2886
2876
2882
2903
2684
2891
2683
2684
2903
2683
2903
2685
2569
2884
2891
2569
2891
2684
2544
2545
2884
2544
2884
2569
2685
2903
2843
2685
2843
2689
2868
2858
2869
2868
2866
2858
2867
2866
2868
2868
2869
2894
2877
2868
2894
2877
2894
2899
2891
2858
2866
2867
2903
2891
2867
2891
2866
2867
2868
2877
2617
2611
2598
2611
2604
2599
2611
2599
2598
2608
2609
2626
2608
2626
2621
2618
2620
2615
2618
2615
2614
2632
2637
2622
2632
2622
2624
2582
2579
2580
2582
2580
2581
2562
2661
2642
2562
2642
2561
2564
2565
2674
2564
2674
2665
2507
2506
2509
2507
2509
2516
2463
2460
2461
2463
2461
2465
2450
2462
2461
2450
2461
2449
2472
2464
2463
2455
2467
2466
2455
2466
2462
2463
2480
2481
2470
2468
2456
2470
2456
2457
2456
2468
2467
2466
2475
2479
2508
2510
2517
2508
2517
2533
2487
2493
2502
2487
2502
2486
2865
2837
2848
2882
2876
2865
2882
2865
2848
2844
2843
2867
2844
2867
2877
2845
2844
2877
2845
2877
2878
2846
2845
2878
2846
2878
2879
2847
2846
2879
2847
2879
2880
2848
2847
2880
2848
2880
2881
2848
2881
2882
2736
2784
2764
2690
2689
2843
2690
2843
2842
98
2671
1473
98
1473
2
2690
2842
1467
2688
2690
1467
2688
1467
1468
2678
2688
1468
2678
1468
1469
2676
2678
1469
2676
1469
1470
2673
2676
1470
2673
1470
1471
2672
2673
1471
2672
1471
1472
2671
2672
1472
2671
1472
1473
1465
2800
2799
1465
2799
1464
2799
106
1
2799
1
1463
2799
1463
1464
1467
2842
2852
1466
1467
2852
1466
2852
2801
1465
1466
2801
1465
2801
2800
2736
2752
2733
2736
2753
2752
2843
2903
2867
2138
2060
2061
2138
2061
2066
2138
2121
2089
2138
2089
2060
1938
1751
1930
1938
1930
1931
1931
1926
1932
1931
1932
1936
1965
1958
2194
1965
2194
1966
1958
1957
2194
1957
1955
1956
1957
1956
2194
2292
2290
2291
1849
2385
44
44
2385
2392
44
2392
971
2864
2865
2876
2864
2876
2875
2186
2193
2194
2186
2194
1956
2193
2195
1966
2193
1966
2194
2392
2399
971
967
962
971
Result
